-4.917015654951750192e-01 -2.984561913600235483e-01 1.291436279964515599e+00
-4.917015654951750192e-01 -2.984561913600235483e-01 1.291436279964515599e+00
1.929040869102529587e-01 1.299864597671929189e-02 1.263231975085495673e+00
1.929040869102529587e-01 1.299864597671929189e-02 1.263231975085495673e+00
1.929040869102529587e-01 1.299864597671929189e-02 1.263231975085495673e+00
-3.654271002352398323e-01 -8.579386330506166836e-02 1.300260875611251254e+00
-3.654271002352398323e-01 -8.579386330506166836e-02 1.300260875611251254e+00
-4.033455054693239616e-01 5.313004316681241290e-01 1.256876208502121672e+00
-5.390927787442770791e-01 -5.911711988959158504e-01 1.175061493225151521e+00
-5.390927787442770791e-01 -5.911711988959158504e-01 1.175061493225151521e+00
4.978321149046837091e-01 3.471741788202075130e-01 1.347828622393627773e+00
3.014734318051485173e-01 -1.520315628084791260e-01 1.228546679888409932e+00
3.014734318051485173e-01 -1.520315628084791260e-01 1.228546679888409932e+00
2.986100949812531269e-02 -3.501804156358480635e-01 1.220787798430028825e+00
2.986100949812531269e-02 -3.501804156358480635e-01 1.220787798430028825e+00
1.230642402684084535e-01 -5.455143435652007877e-01 1.310485186090488252e+00
1.230642402684084535e-01 -5.455143435652007877e-01 1.310485186090488252e+00
-2.571449645318106270e-01 -5.468577039250045457e-01 1.349459273937404502e+00
-2.571449645318106270e-01 -5.468577039250045457e-01 1.349459273937404502e+00
-3.546184271199314120e-01 -3.283833962526884753e-01 1.226817028408209831e+00
-3.546184271199314120e-01 -3.283833962526884753e-01 1.226817028408209831e+00
1.199005106351540562e-01 -2.278166393086444863e-01 1.228946575840363264e+00
1.199005106351540562e-01 -2.278166393086444863e-01 1.228946575840363264e+00
-1.750509846454884610e-01 -5.899571988817190471e-01 1.229808176997582825e+00
-1.750509846454884610e-01 -5.899571988817190471e-01 1.229808176997582825e+00
1.119528705343286745e-01 -3.572320717663752809e-01 1.295327813319151922e+00
1.119528705343286745e-01 -3.572320717663752809e-01 1.295327813319151922e+00
1.045708679303704036e-01 5.503150831971682644e-01 1.128358859184499519e+00
5.608222354986488467e-01 4.351621499531438397e-01 1.135783036302968174e+00
-1.756659362329831553e-01 -2.343913947251812790e-01 1.150489887788402443e+00
-1.756659362329831553e-01 -2.343913947251812790e-01 1.150489887788402443e+00
1.718450660721998480e-01 -5.117547094390402229e-01 1.165199237640186736e+00
1.718450660721998480e-01 -5.117547094390402229e-01 1.165199237640186736e+00
-4.887125465833601079e-01 -4.823414236420368040e-01 1.125037447572095672e+00
-4.887125465833601079e-01 -4.823414236420368040e-01 1.125037447572095672e+00
-1.175541100812571571e-02 -4.778419995873470216e-01 1.127106425068355122e+00
-1.175541100812571571e-02 -4.778419995873470216e-01 1.127106425068355122e+00
-5.856169905441396262e-01 -1.122136408243146755e-01 1.347028827476447255e+00
-5.856169905441396262e-01 -1.122136408243146755e-01 1.347028827476447255e+00
2.225311350232606067e-01 -3.578606156554836604e-01 1.189613989357809043e+00
2.225311350232606067e-01 -3.578606156554836604e-01 1.189613989357809043e+00
-5.406435881836532120e-01 -2.155206298713241431e-01 1.148470216769843288e+00
-5.406435881836532120e-01 -2.155206298713241431e-01 1.148470216769843288e+00
-1.362424896108687111e-01 -2.239004256300814455e-01 1.204380246813403499e+00
-1.362424896108687111e-01 -2.239004256300814455e-01 1.204380246813403499e+00
-1.321610896336527508e-01 -7.179140380188675508e-02 1.257996610059403109e+00
-1.321610896336527508e-01 -7.179140380188675508e-02 1.257996610059403109e+00
1.668669003456363376e-01 -3.180183939750891864e-01 1.299423494533588519e+00
1.668669003456363376e-01 -3.180183939750891864e-01 1.299423494533588519e+00
-3.285337059038844210e-01 -2.448232544386153009e-02 1.149719885530208652e+00
-3.285337059038844210e-01 -2.448232544386153009e-02 1.149719885530208652e+00
-4.573118966226441540e-02 -5.009727725625460204e-01 1.338568249867246651e+00
-4.573118966226441540e-02 -5.009727725625460204e-01 1.338568249867246651e+00
-3.628700721662851403e-01 -3.892241843889899799e-01 1.154589486037507218e+00
-3.628700721662851403e-01 -3.892241843889899799e-01 1.154589486037507218e+00
-3.517888389593759046e-01 8.945985857226645965e-02 1.316917784552736226e+00
-3.517888389593759046e-01 8.945985857226645965e-02 1.316917784552736226e+00
-3.865374242324994269e-01 -1.042650741862418129e-01 1.211666986237300625e+00
-3.865374242324994269e-01 -1.042650741862418129e-01 1.211666986237300625e+00
3.718643194604166480e-01 -4.452957910411701192e-01 1.162917695746110480e+00
3.718643194604166480e-01 -4.452957910411701192e-01 1.162917695746110480e+00
-4.962337087276403325e-01 4.890837754989053598e-01 1.147361366367599222e+00
-4.404117084075581667e-01 -4.325017731171060253e-01 1.310359649353292966e+00
-4.404117084075581667e-01 -4.325017731171060253e-01 1.310359649353292966e+00
1.225286135445751157e-01 -4.236913091498195616e-02 1.233585321795712453e+00
1.225286135445751157e-01 -4.236913091498195616e-02 1.233585321795712453e+00
-3.377995549338735914e-01 -5.981591361985283406e-02 1.164411366310319718e+00
-3.377995549338735914e-01 -5.981591361985283406e-02 1.164411366310319718e+00
2.454888614114821843e-01 -2.558378287802135498e-01 1.162573882001167291e+00
2.454888614114821843e-01 -2.558378287802135498e-01 1.162573882001167291e+00
-2.371818446075391051e-02 -1.251308949505436918e-01 1.190142683920379252e+00
-2.371818446075391051e-02 -1.251308949505436918e-01 1.190142683920379252e+00
4.511346243671332523e-02 -1.319405508088795642e-01 1.187806648320350655e+00
4.511346243671332523e-02 -1.319405508088795642e-01 1.187806648320350655e+00
1.869846877622657333e-01 -4.459584917354695310e-01 1.146453273576462317e+00
1.869846877622657333e-01 -4.459584917354695310e-01 1.146453273576462317e+00
1.238033718534542471e-01 -5.935068181668005094e-01 1.190352216249334072e+00
1.238033718534542471e-01 -5.935068181668005094e-01 1.190352216249334072e+00
-4.399000246766937572e-02 -2.248591401617769936e-01 1.344077173651291979e+00
-4.399000246766937572e-02 -2.248591401617769936e-01 1.344077173651291979e+00
-4.183695545970744778e-01 5.077066404656260801e-02 1.218199147900546064e+00
-1.345952684685118861e-01 -6.082255283661797129e-03 1.255676721603659729e+00
-1.345952684685118861e-01 -6.082255283661797129e-03 1.255676721603659729e+00
4.191619883531151336e-01 -4.828918990947859702e-01 1.142344237069169433e+00
-5.544210293381767185e-01 -1.958973659348911545e-01 1.252422816467939404e+00
-5.544210293381767185e-01 -1.958973659348911545e-01 1.252422816467939404e+00
-3.691340122862046824e-01 5.624178327439145475e-01 1.211906649824628257e+00
4.341298125009451780e-02 -7.080594198427259123e-02 1.329007803164046875e+00
4.341298125009451780e-02 -7.080594198427259123e-02 1.329007803164046875e+00
1.878234397251649090e-01 -4.034445895212945277e-01 1.212867441384147371e+00
1.878234397251649090e-01 -4.034445895212945277e-01 1.212867441384147371e+00
-3.526296255035865079e-01 5.038849676500173347e-01 1.154781600164790145e+00
-3.526296255035865079e-01 5.038849676500173347e-01 1.154781600164790145e+00
7.843706521584248303e-02 -3.660539319179232365e-01 1.206470660068097445e+00
7.843706521584248303e-02 -3.660539319179232365e-01 1.206470660068097445e+00
2.171168035428654441e-01 -5.581578720719553299e-01 1.125488039923598693e+00
2.171168035428654441e-01 -5.581578720719553299e-01 1.125488039923598693e+00
8.841867478414089376e-02 -5.631495209927300793e-01 1.152633797948923178e+00
8.841867478414089376e-02 -5.631495209927300793e-01 1.152633797948923178e+00
4.899345266146298838e-01 4.228540654438345259e-01 1.225526707862891085e+00
4.397966538454710639e-01 -5.325953366403238798e-01 1.128486102038932737e+00
4.397966538454710639e-01 -5.325953366403238798e-01 1.128486102038932737e+00
5.111735792918888910e-01 -4.224618986962828115e-01 1.302236641009953289e+00
8.522365992884028962e-03 -4.272611032559517907e-01 1.314681144029159698e+00
8.522365992884028962e-03 -4.272611032559517907e-01 1.314681144029159698e+00
2.997827070545199257e-01 -5.225676475599876358e-01 1.151166261343220754e+00
2.997827070545199257e-01 -5.225676475599876358e-01 1.151166261343220754e+00
-1.386736619978231055e-01 -4.705642347978243878e-01 1.137128502257622298e+00
-1.386736619978231055e-01 -4.705642347978243878e-01 1.137128502257622298e+00
-4.977965752470103200e-01 -2.851372845352002083e-01 1.220634872299839468e+00
-4.977965752470103200e-01 -2.851372845352002083e-01 1.220634872299839468e+00
-3.393675478740102447e-01 -5.759413634643543167e-01 1.179227390119589991e+00
-3.393675478740102447e-01 -5.759413634643543167e-01 1.179227390119589991e+00
-2.070531236669982955e-01 -1.201604324578909311e-01 1.170697211741669852e+00
-2.070531236669982955e-01 -1.201604324578909311e-01 1.170697211741669852e+00
-5.347669983970813057e-01 1.125049055636444528e-01 1.189616354307903690e+00
1.157491373185131067e-01 -9.805015865827670929e-02 1.266911490523914718e+00
1.157491373185131067e-01 -9.805015865827670929e-02 1.266911490523914718e+00
-3.167140043597738153e-02 -3.569053454370595402e-01 1.189900467382121851e+00
-3.167140043597738153e-02 -3.569053454370595402e-01 1.189900467382121851e+00
2.679197324118647305e-01 -4.769064931195113322e-01 1.214154247901108707e+00
2.679197324118647305e-01 -4.769064931195113322e-01 1.214154247901108707e+00
1.026228864841849386e-01 -3.277673261599910459e-01 1.129272807695594016e+00
1.026228864841849386e-01 -3.277673261599910459e-01 1.129272807695594016e+00
4.195433913499891920e-01 -5.975948481473493112e-01 1.166310384924553079e+00
-1.015806248870739781e-01 -4.849435084279277719e-01 1.222698835366730741e+00
-1.015806248870739781e-01 -4.849435084279277719e-01 1.222698835366730741e+00
-3.121544031817862774e-01 -4.934662607706077897e-01 1.184516614614002927e+00
-3.121544031817862774e-01 -4.934662607706077897e-01 1.184516614614002927e+00
-4.631515573742774894e-01 -4.002528777907416457e-01 1.286902684391826535e+00
-4.631515573742774894e-01 -4.002528777907416457e-01 1.286902684391826535e+00
-2.069269911154192343e-01 8.482724187245582748e-02 1.210646152573327416e+00
-5.539455707480068769e-01 -4.226143489153519894e-01 1.276826669565199301e+00
-5.539455707480068769e-01 -4.226143489153519894e-01 1.276826669565199301e+00
-4.467143084602662739e-01 -3.568927200639212538e-01 1.180443942989310990e+00
-4.467143084602662739e-01 -3.568927200639212538e-01 1.180443942989310990e+00
-3.670086237870850421e-01 -2.850504842887794377e-01 1.157968211520381097e+00
-3.670086237870850421e-01 -2.850504842887794377e-01 1.157968211520381097e+00
2.980240645544743883e-01 -4.994485435220019642e-01 1.138501826366736358e+00
2.980240645544743883e-01 -4.994485435220019642e-01 1.138501826366736358e+00
-4.032171733345002451e-01 -2.181573983152913510e-01 1.284419916206675616e+00
-4.032171733345002451e-01 -2.181573983152913510e-01 1.284419916206675616e+00
4.610854856315403927e-01 -5.358082460237142408e-01 1.126172695689958037e+00
-5.279789991227480384e-01 -5.232384757363433003e-01 1.198477083773277219e+00
-5.279789991227480384e-01 -5.232384757363433003e-01 1.198477083773277219e+00
3.819675000454183511e-01 -4.893579670461850051e-01 1.220049811998400680e+00
-3.162089900260570130e-01 5.743480159623645109e-01 1.143985841843934148e+00
-1.135197386886811488e-01 -7.121345464590222996e-02 1.194702092314446462e+00
-1.135197386886811488e-01 -7.121345464590222996e-02 1.194702092314446462e+00
-4.245117505523126056e-01 -3.375512613503359738e-01 1.122353128678311274e+00
-4.245117505523126056e-01 -3.375512613503359738e-01 1.122353128678311274e+00
3.519949299039387691e-01 -2.781744670266326769e-01 1.171672824427647752e+00
1.446598277272226341e-01 -1.684701775699489201e-01 1.224840854733010520e+00
1.446598277272226341e-01 -1.684701775699489201e-01 1.224840854733010520e+00
-3.943401171863909482e-01 4.202189508747622426e-02 1.188778324919764762e+00
-3.943401171863909482e-01 4.202189508747622426e-02 1.188778324919764762e+00
-3.070624831808252408e-01 -5.065991396659734747e-01 1.266092692751384474e+00
-3.070624831808252408e-01 -5.065991396659734747e-01 1.266092692751384474e+00
3.781196508856824456e-01 -4.921475965689280363e-01 1.175757114190315811e+00
3.781196508856824456e-01 -4.921475965689280363e-01 1.175757114190315811e+00
-3.274037028099272550e-01 -3.660486240939992419e-01 1.172955857392897316e+00
-3.274037028099272550e-01 -3.660486240939992419e-01 1.172955857392897316e+00
-1.002879540829858529e-01 -1.208297958359366708e-01 1.288734491564656137e+00
-1.002879540829858529e-01 -1.208297958359366708e-01 1.288734491564656137e+00
-8.145011223001674683e-02 -2.069243286820765526e-02 1.257441582278670644e+00
-8.145011223001674683e-02 -2.069243286820765526e-02 1.257441582278670644e+00
1.714001359147984127e-01 -1.821942289433310935e-01 1.334877017263058407e+00
1.714001359147984127e-01 -1.821942289433310935e-01 1.334877017263058407e+00
5.901853069046824052e-01 3.660164053008744256e-01 1.243950398696265891e+00
5.901853069046824052e-01 3.660164053008744256e-01 1.243950398696265891e+00
-5.321897814180869268e-01 -1.942391882952366200e-01 1.306562783903146618e+00
-5.321897814180869268e-01 -1.942391882952366200e-01 1.306562783903146618e+00
-7.360493914849253194e-02 7.941070670421046529e-03 1.329939450578655258e+00
-7.360493914849253194e-02 7.941070670421046529e-03 1.329939450578655258e+00
-4.323215977982467484e-01 -3.438504066342367160e-01 1.257371764196431707e+00
-4.323215977982467484e-01 -3.438504066342367160e-01 1.257371764196431707e+00
-2.272178970569428413e-01 -5.117938316654619957e-01 1.297399748872408942e+00
-2.272178970569428413e-01 -5.117938316654619957e-01 1.297399748872408942e+00
-1.612901407222096517e-01 -5.030762326828998043e-01 1.284952499813686089e+00
-1.612901407222096517e-01 -5.030762326828998043e-01 1.284952499813686089e+00
-1.484037537110056704e-01 -2.809954895529975794e-02 1.129195890545082515e+00
1.226413980015973459e-01 -5.793577075598270731e-01 1.333493359108376186e+00
1.226413980015973459e-01 -5.793577075598270731e-01 1.333493359108376186e+00
-2.800653244938174913e-01 -4.339634406525827437e-02 1.181184283066957441e+00
-2.800653244938174913e-01 -4.339634406525827437e-02 1.181184283066957441e+00
1.497852020488865676e-02 -1.779399808265676453e-01 1.179663382538396865e+00
1.497852020488865676e-02 -1.779399808265676453e-01 1.179663382538396865e+00
-3.780667799361414616e-01 -4.601144747380947475e-01 1.236216048701202386e+00
-3.780667799361414616e-01 -4.601144747380947475e-01 1.236216048701202386e+00
-3.327675327974676245e-01 -2.869889938663244267e-01 1.298617798260327971e+00
-3.327675327974676245e-01 -2.869889938663244267e-01 1.298617798260327971e+00
-4.669827355663027646e-01 7.657360498009690986e-02 1.317726043326913343e+00
-4.669827355663027646e-01 7.657360498009690986e-02 1.317726043326913343e+00
1.785847534872975206e-01 -7.166307202849897529e-02 1.297959212100852078e+00
1.785847534872975206e-01 -7.166307202849897529e-02 1.297959212100852078e+00
-5.661183026931404516e-02 1.522533754465393852e-02 1.239744461511688822e+00
-3.005383427941958896e-01 -7.939980504627386360e-02 1.287130022077029867e+00
-3.005383427941958896e-01 -7.939980504627386360e-02 1.287130022077029867e+00
3.198345577960367558e-01 -5.353126141869195553e-01 1.295748044137756239e+00
3.198345577960367558e-01 -5.353126141869195553e-01 1.295748044137756239e+00
-1.697657366217755759e-01 -4.643656882225563054e-01 1.142758574995130338e+00
-1.697657366217755759e-01 -4.643656882225563054e-01 1.142758574995130338e+00
-3.303347296173291814e-01 4.124331315618040561e-01 1.193664006835923441e+00
-4.615102240486730345e-01 4.394444480413083332e-01 1.283742515043956312e+00
-5.429499269923251381e-01 -3.867784574318606783e-01 1.205954508707122841e+00
-5.429499269923251381e-01 -3.867784574318606783e-01 1.205954508707122841e+00
-3.810720960718301242e-01 -5.106828302724439883e-01 1.234688835777104421e+00
-3.810720960718301242e-01 -5.106828302724439883e-01 1.234688835777104421e+00
2.342130522384870961e-01 -2.735718368313189153e-02 1.148103115792581397e+00
2.342130522384870961e-01 -2.735718368313189153e-02 1.148103115792581397e+00
4.694667729868906569e-02 5.392540691692585542e-01 1.278688548041267969e+00
1.922832831368102013e-01 -2.304723798825079606e-01 1.207932961939811589e+00
1.922832831368102013e-01 -2.304723798825079606e-01 1.207932961939811589e+00
1.018901957436337824e-01 -3.579031473727800616e-02 1.306360537966536173e+00
1.018901957436337824e-01 -3.579031473727800616e-02 1.306360537966536173e+00
2.469436948065745208e-01 -1.175867869479742533e-01 1.345576917681317708e+00
1.602326598745573705e-02 -4.203561493373494384e-01 1.205038806698865983e+00
1.602326598745573705e-02 -4.203561493373494384e-01 1.205038806698865983e+00
9.652987493018583276e-02 -8.124833443486889628e-02 1.183841948459334992e+00
9.652987493018583276e-02 -8.124833443486889628e-02 1.183841948459334992e+00
-3.143494129479088572e-01 -4.750507932777586206e-01 1.303969959617923280e+00
-3.143494129479088572e-01 -4.750507932777586206e-01 1.303969959617923280e+00
1.141074040852390059e-01 -5.381984860135019533e-01 1.140478801743936899e+00
1.141074040852390059e-01 -5.381984860135019533e-01 1.140478801743936899e+00
-3.411045548139189365e-01 3.517648549471519281e-02 1.232714740242556895e+00
-3.411045548139189365e-01 3.517648549471519281e-02 1.232714740242556895e+00
-1.980159594218307562e-01 -3.031776748450202841e-01 1.178784559604329374e+00
-1.980159594218307562e-01 -3.031776748450202841e-01 1.178784559604329374e+00
-1.085259789657089802e-01 -1.479762872961341569e-01 1.305110749561518624e+00
-1.085259789657089802e-01 -1.479762872961341569e-01 1.305110749561518624e+00
-2.151042433665264486e-01 -2.056422807802307795e-01 1.120486380155702344e+00
-2.151042433665264486e-01 -2.056422807802307795e-01 1.120486380155702344e+00
-1.996262168163209783e-02 -2.114426792685691336e-01 1.332575512320194999e+00
-1.996262168163209783e-02 -2.114426792685691336e-01 1.332575512320194999e+00
-2.328409909867004690e-01 -2.016774012961323193e-01 1.345834783307005678e+00
-2.328409909867004690e-01 -2.016774012961323193e-01 1.345834783307005678e+00
-3.911036515942656333e-02 -3.506391901510714226e-01 1.144873301998834636e+00
-3.911036515942656333e-02 -3.506391901510714226e-01 1.144873301998834636e+00
1.256023030471997703e-01 -5.159126404012641665e-01 1.133471285415190266e+00
1.256023030471997703e-01 -5.159126404012641665e-01 1.133471285415190266e+00
2.987394696684675388e-02 -5.909046885062363419e-01 1.172808786112293777e+00
2.987394696684675388e-02 -5.909046885062363419e-01 1.172808786112293777e+00
-1.311970428868741156e-01 -3.010588127062308605e-01 1.202732783455282783e+00
-1.311970428868741156e-01 -3.010588127062308605e-01 1.202732783455282783e+00
-1.440321924908031237e-01 -3.570937157602168677e-01 1.134735326554775492e+00
-1.440321924908031237e-01 -3.570937157602168677e-01 1.134735326554775492e+00
4.564394908933455675e-03 -2.025902076431835841e-01 1.267565749082593118e+00
4.564394908933455675e-03 -2.025902076431835841e-01 1.267565749082593118e+00
-4.868677704611973356e-01 -4.540829837541073277e-01 1.301711954832569518e+00
-4.868677704611973356e-01 -4.540829837541073277e-01 1.301711954832569518e+00
-3.329174879328584691e-01 4.318759233930341557e-01 1.195708649925000255e+00
-1.506183620075358665e-01 -3.604860077890750247e-01 1.259949875684382548e+00
-1.506183620075358665e-01 -3.604860077890750247e-01 1.259949875684382548e+00
-7.083975855306579028e-02 1.081903470222300712e-02 1.331519053451664103e+00
-7.083975855306579028e-02 1.081903470222300712e-02 1.331519053451664103e+00
-5.454350210291372125e-01 -1.112129598646619533e-01 1.220691477532012792e+00
-5.454350210291372125e-01 -1.112129598646619533e-01 1.220691477532012792e+00
-3.704558870043241914e-01 -1.506821383041534457e-02 1.180853215244400678e+00
-3.704558870043241914e-01 -1.506821383041534457e-02 1.180853215244400678e+00
-7.503531204930480314e-02 5.570590939384745255e-02 1.346960984886679036e+00
-7.503531204930480314e-02 5.570590939384745255e-02 1.346960984886679036e+00
-4.469919806360438397e-01 -6.046630385653095630e-02 1.259985341025437799e+00
-4.469919806360438397e-01 -6.046630385653095630e-02 1.259985341025437799e+00
-4.229355174816340490e-01 4.206380936235887269e-02 1.305284900665239389e+00
-4.229355174816340490e-01 4.206380936235887269e-02 1.305284900665239389e+00
-3.243239558124450528e-01 -5.684969180954099199e-01 1.347157107857578806e+00
-3.243239558124450528e-01 -5.684969180954099199e-01 1.347157107857578806e+00
-1.878518550803049969e-01 -5.634372216053608051e-01 1.227503110419289722e+00
-1.878518550803049969e-01 -5.634372216053608051e-01 1.227503110419289722e+00
-4.160438501277294310e-01 -1.700198796217591846e-01 1.133891410489916485e+00
-4.160438501277294310e-01 -1.700198796217591846e-01 1.133891410489916485e+00
-5.117689942053250673e-01 -1.895573767347708549e-01 1.250381078330810691e+00
-5.117689942053250673e-01 -1.895573767347708549e-01 1.250381078330810691e+00
-4.917195120329845848e-01 9.526500301408402649e-02 1.190774428974819665e+00
-1.758442958818617896e-01 3.682299586383164236e-02 1.182076316025826745e+00
-1.758442958818617896e-01 3.682299586383164236e-02 1.182076316025826745e+00
-3.484537405666340848e-01 -2.996550840416565831e-01 1.249239619219749242e+00
-3.484537405666340848e-01 -2.996550840416565831e-01 1.249239619219749242e+00
3.007975242687508377e-01 -3.208632703131447661e-01 1.300565026388752932e+00
3.007975242687508377e-01 -3.208632703131447661e-01 1.300565026388752932e+00
-2.138742522559503589e-01 5.182563841003292593e-01 1.195128862623500599e+00
2.207227976115546664e-01 -3.350449065317889774e-01 1.260163854795997684e+00
2.207227976115546664e-01 -3.350449065317889774e-01 1.260163854795997684e+00
-1.818737995557562770e-01 -3.540881660057708102e-01 1.201521379545099855e+00
-1.818737995557562770e-01 -3.540881660057708102e-01 1.201521379545099855e+00
2.087450433109592218e-01 -3.801690982140342179e-01 1.264447167708673492e+00
2.087450433109592218e-01 -3.801690982140342179e-01 1.264447167708673492e+00
4.310027471264198384e-01 -5.266846159998678223e-01 1.294567323249604884e+00
-1.567271636759922093e-01 -3.191289060179374193e-01 1.250185289383361376e+00
-1.567271636759922093e-01 -3.191289060179374193e-01 1.250185289383361376e+00
-1.152227842828902338e-01 -3.450020125248687286e-01 1.243676416605886237e+00
-1.152227842828902338e-01 -3.450020125248687286e-01 1.243676416605886237e+00
-4.669835885007701526e-01 -3.404602713739532382e-01 1.296025855255156456e+00
-4.669835885007701526e-01 -3.404602713739532382e-01 1.296025855255156456e+00
-3.469367336227013876e-01 7.219244063670593459e-02 1.238603204777545264e+00
-3.469367336227013876e-01 7.219244063670593459e-02 1.238603204777545264e+00
-5.488822443382038729e-01 -4.072399544475395761e-01 1.248546023531930338e+00
-5.488822443382038729e-01 -4.072399544475395761e-01 1.248546023531930338e+00
-2.485242273948799485e-01 -5.576757181115221673e-01 1.305522675519417586e+00
-2.485242273948799485e-01 -5.576757181115221673e-01 1.305522675519417586e+00
-1.542000536164009894e-01 5.873368740675543043e-01 1.190095271841603131e+00
3.125825744462317202e-01 4.326737465586075748e-01 1.172886800738323076e+00
2.051044410174817090e-01 5.318450871116134904e-01 1.171623005889897762e+00
2.051044410174817090e-01 5.318450871116134904e-01 1.171623005889897762e+00
4.231367598449542466e-02 5.216174801440031095e-01 1.192533227834811083e+00
-3.887284534867038177e-01 -4.633788107351257679e-01 1.261337166622305883e+00
-3.887284534867038177e-01 -4.633788107351257679e-01 1.261337166622305883e+00
3.068777965608424640e-01 -3.633846072185571430e-01 1.312293322684872532e+00
3.068777965608424640e-01 -3.633846072185571430e-01 1.312293322684872532e+00
-4.791191639781183786e-01 -3.978572219406227850e-01 1.170013826813934843e+00
-4.791191639781183786e-01 -3.978572219406227850e-01 1.170013826813934843e+00
1.487339793469555360e-01 -4.992837390063042946e-01 1.295766800026119769e+00
1.487339793469555360e-01 -4.992837390063042946e-01 1.295766800026119769e+00
1.375213127529594237e-01 -8.812020941233389415e-02 1.180988532284904524e+00
1.375213127529594237e-01 -8.812020941233389415e-02 1.180988532284904524e+00
1.666770702897509837e-01 -4.561098269641667979e-01 1.202303081511855609e+00
1.666770702897509837e-01 -4.561098269641667979e-01 1.202303081511855609e+00
-3.268571632137548533e-01 -4.260981862352718474e-01 1.150401909349732188e+00
-3.268571632137548533e-01 -4.260981862352718474e-01 1.150401909349732188e+00
5.139561602434808973e-01 -5.478715082510318135e-01 1.202788785089317081e+00
-4.952027637743919297e-01 -1.382195996106561076e-02 1.304615556773540463e+00
-4.952027637743919297e-01 -1.382195996106561076e-02 1.304615556773540463e+00
2.585544794061802598e-01 -1.893962487888044000e-01 1.340791189103061276e+00
2.585544794061802598e-01 -1.893962487888044000e-01 1.340791189103061276e+00
-6.193683014597495262e-02 -4.182344082439574118e-01 1.279569672741830200e+00
-6.193683014597495262e-02 -4.182344082439574118e-01 1.279569672741830200e+00
-4.394392046292890930e-01 -7.458167634819989900e-02 1.265868441982751946e+00
-4.394392046292890930e-01 -7.458167634819989900e-02 1.265868441982751946e+00
-3.521798302177766571e-01 -5.582756682936432790e-01 1.143883670474219238e+00
-3.521798302177766571e-01 -5.582756682936432790e-01 1.143883670474219238e+00
5.126041490320020211e-01 -5.935183187981664110e-01 1.165021524899451100e+00
5.126041490320020211e-01 -5.935183187981664110e-01 1.165021524899451100e+00
1.339214233597652015e-01 -5.831399641914590815e-01 1.262678189857642908e+00
1.339214233597652015e-01 -5.831399641914590815e-01 1.262678189857642908e+00
-4.787442385632122988e-01 -5.297447269706869744e-01 1.345764152246888612e+00
-4.787442385632122988e-01 -5.297447269706869744e-01 1.345764152246888612e+00
2.355092636547198026e-01 -4.908447496985175462e-01 1.161950251399125111e+00
2.355092636547198026e-01 -4.908447496985175462e-01 1.161950251399125111e+00
-2.375202912711691372e-01 -5.673449811737358850e-01 1.193493719280686927e+00
-2.375202912711691372e-01 -5.673449811737358850e-01 1.193493719280686927e+00
-3.007425149616204663e-01 -4.067658252145846531e-01 1.316134878917469608e+00
-3.007425149616204663e-01 -4.067658252145846531e-01 1.316134878917469608e+00
2.145266244032263403e-01 -1.589689906218733073e-01 1.324747568226354311e+00
2.145266244032263403e-01 -1.589689906218733073e-01 1.324747568226354311e+00
-3.715144022970047200e-01 -4.747010229858739105e-02 1.194113852200698656e+00
-3.715144022970047200e-01 -4.747010229858739105e-02 1.194113852200698656e+00
-3.310228728133065013e-01 -1.100294480601199942e-01 1.223775704845793566e+00
-3.310228728133065013e-01 -1.100294480601199942e-01 1.223775704845793566e+00
-4.526016972890495316e-01 -3.715473442278036109e-01 1.287484827468061255e+00
-4.526016972890495316e-01 -3.715473442278036109e-01 1.287484827468061255e+00
-2.827600037318439008e-01 -2.555203900528718042e-01 1.220122424024240759e+00
-2.827600037318439008e-01 -2.555203900528718042e-01 1.220122424024240759e+00
-3.913631560524765129e-01 2.697658652534118406e-02 1.343655732666827474e+00
-3.913631560524765129e-01 2.697658652534118406e-02 1.343655732666827474e+00
-1.721928585908814591e-01 2.231131340590941647e-05 1.283082425658180536e+00
-1.721928585908814591e-01 2.231131340590941647e-05 1.283082425658180536e+00
3.979599629418811846e-01 -5.609839806509421267e-01 1.246241012707635765e+00
3.979599629418811846e-01 -5.609839806509421267e-01 1.246241012707635765e+00
-3.092531066761870506e-01 -6.189176553854525142e-02 1.290917013633963828e+00
-3.092531066761870506e-01 -6.189176553854525142e-02 1.290917013633963828e+00
3.624545637081629801e-01 -2.441123786255351424e-01 1.232637995251237628e+00
3.624545637081629801e-01 -2.441123786255351424e-01 1.232637995251237628e+00
8.544627243322711063e-02 1.175530789402822185e-01 1.163571388693551922e+00
-1.910025891305081047e-01 -5.256568899011759832e-02 1.229222770440221435e+00
-1.910025891305081047e-01 -5.256568899011759832e-02 1.229222770440221435e+00
-3.404884522988482209e-01 -5.701676511321940310e-01 1.321783734127430776e+00
-3.404884522988482209e-01 -5.701676511321940310e-01 1.321783734127430776e+00
-5.474455862151051955e-01 -5.342739095368512769e-01 1.142829894321180317e+00
-5.474455862151051955e-01 -5.342739095368512769e-01 1.142829894321180317e+00
-1.831002119102771442e-01 -4.872618055335282694e-01 1.271869199998698630e+00
-1.831002119102771442e-01 -4.872618055335282694e-01 1.271869199998698630e+00
-2.030513601735758344e-01 -2.050535645758626013e-01 1.349792286342815784e+00
-2.030513601735758344e-01 -2.050535645758626013e-01 1.349792286342815784e+00
-5.657776412488397799e-01 -5.262687443317065616e-01 1.252351963736259233e+00
-5.657776412488397799e-01 -5.262687443317065616e-01 1.252351963736259233e+00
-2.596960811337362673e-01 -5.156419986065673422e-01 1.186038192188146878e+00
-2.596960811337362673e-01 -5.156419986065673422e-01 1.186038192188146878e+00
1.763800138135506179e-01 -2.773953311785526399e-01 1.165206009532135711e+00
1.763800138135506179e-01 -2.773953311785526399e-01 1.165206009532135711e+00
-6.579558910305882691e-02 5.501621544958966714e-01 1.182071346758057695e+00
-6.579558910305882691e-02 5.501621544958966714e-01 1.182071346758057695e+00
-1.914980793285758764e-02 -5.968118848074984717e-01 1.127587655348964102e+00
-1.914980793285758764e-02 -5.968118848074984717e-01 1.127587655348964102e+00
2.626500535880571530e-02 -3.768688967971249304e-01 1.127157696338760617e+00
2.626500535880571530e-02 -3.768688967971249304e-01 1.127157696338760617e+00
-3.234690545899532310e-03 -1.212266401781844638e-01 1.342121361308922456e+00
-3.234690545899532310e-03 -1.212266401781844638e-01 1.342121361308922456e+00
5.053817499877666375e-02 -5.932278076589724281e-01 1.346627778454100088e+00
5.053817499877666375e-02 -5.932278076589724281e-01 1.346627778454100088e+00
-2.963390568030651595e-01 -3.616062401042829944e-02 1.337139190770870290e+00
-2.963390568030651595e-01 -3.616062401042829944e-02 1.337139190770870290e+00
-5.719383132796631575e-01 -5.186397248194940524e-01 1.328697787587492130e+00
-5.719383132796631575e-01 -5.186397248194940524e-01 1.328697787587492130e+00
1.292379033838360058e-01 4.349959411136455900e-01 1.147612976400435914e+00
-4.959763121534437325e-01 -3.634512346956605411e-01 1.137574013355032720e+00
-4.959763121534437325e-01 -3.634512346956605411e-01 1.137574013355032720e+00
-4.691692425554925272e-01 -1.185455807623581048e-01 1.315087050215838493e+00
-4.691692425554925272e-01 -1.185455807623581048e-01 1.315087050215838493e+00
-4.441112765319473743e-01 -2.824581000418988075e-01 1.311973376309071737e+00
-4.441112765319473743e-01 -2.824581000418988075e-01 1.311973376309071737e+00
2.057610491543883091e-01 -1.793844385653105555e-01 1.277554983416155920e+00
2.057610491543883091e-01 -1.793844385653105555e-01 1.277554983416155920e+00
-3.169762559851150852e-01 1.001811666269114554e-02 1.172436994366843566e+00
-3.169762559851150852e-01 1.001811666269114554e-02 1.172436994366843566e+00
-4.099451673927482220e-01 9.839765109090437001e-02 1.144822655471152251e+00
-4.099451673927482220e-01 9.839765109090437001e-02 1.144822655471152251e+00
1.563884670790867126e-01 -3.407385346921060765e-01 1.349785126993533035e+00
1.563884670790867126e-01 -3.407385346921060765e-01 1.349785126993533035e+00
-1.445073484057283753e-01 5.252611077468050116e-02 1.293768804038858855e+00
-1.445073484057283753e-01 5.252611077468050116e-02 1.293768804038858855e+00
-2.150180982542656549e-01 -2.367674001554314067e-01 1.148227902523356825e+00
-2.150180982542656549e-01 -2.367674001554314067e-01 1.148227902523356825e+00
-3.935570738456339313e-01 9.988591297074667086e-02 1.329856292515150029e+00
-3.935570738456339313e-01 9.988591297074667086e-02 1.329856292515150029e+00
-2.828287301157297873e-01 -5.173339756370106679e-01 1.251659704772661641e+00
-2.828287301157297873e-01 -5.173339756370106679e-01 1.251659704772661641e+00
3.624498296307886447e-01 -4.713038965943220360e-01 1.264579119763616477e+00
-2.390106313310238484e-01 -5.680428782380561037e-01 1.181685978864454034e+00
-2.390106313310238484e-01 -5.680428782380561037e-01 1.181685978864454034e+00
-5.068267398587696926e-01 -2.881732567979350956e-01 1.133236124883960416e+00
-5.068267398587696926e-01 -2.881732567979350956e-01 1.133236124883960416e+00
-5.791742843000459162e-01 -4.597782015607267403e-01 1.317245511420039650e+00
-5.791742843000459162e-01 -4.597782015607267403e-01 1.317245511420039650e+00
-5.776049005442313033e-01 -4.304315708767222359e-01 1.151944986708737018e+00
-5.776049005442313033e-01 -4.304315708767222359e-01 1.151944986708737018e+00
-5.023452100634895334e-01 -7.696747015612936949e-02 1.277613864269932176e+00
-5.023452100634895334e-01 -7.696747015612936949e-02 1.277613864269932176e+00
1.642558196877388355e-01 -5.880136945849733232e-01 1.137822043658293980e+00
1.642558196877388355e-01 -5.880136945849733232e-01 1.137822043658293980e+00
-1.342282346083158995e-01 -4.798155779391781173e-01 1.146912335387890725e+00
-1.342282346083158995e-01 -4.798155779391781173e-01 1.146912335387890725e+00
-2.718530558215258019e-01 -2.402220904395269696e-01 1.134568987382110539e+00
-2.718530558215258019e-01 -2.402220904395269696e-01 1.134568987382110539e+00
-2.508578545576800045e-01 -1.471434028668535676e-01 1.179290836225085792e+00
-2.508578545576800045e-01 -1.471434028668535676e-01 1.179290836225085792e+00
-2.258032284092968411e-01 -4.702293870877045090e-01 1.162381120676740709e+00
-2.258032284092968411e-01 -4.702293870877045090e-01 1.162381120676740709e+00
2.107920351521362923e-01 -3.700778507254006700e-01 1.294901418568584761e+00
2.107920351521362923e-01 -3.700778507254006700e-01 1.294901418568584761e+00
1.434517167572852969e-01 -3.240795551426888799e-01 1.124727329129240783e+00
1.434517167572852969e-01 -3.240795551426888799e-01 1.124727329129240783e+00
-3.828538587533440452e-01 -2.120529132466315581e-01 1.305382732046602712e+00
-3.828538587533440452e-01 -2.120529132466315581e-01 1.305382732046602712e+00
-2.995526819372651972e-01 -2.157277866188215265e-01 1.334806378247116232e+00
-2.995526819372651972e-01 -2.157277866188215265e-01 1.334806378247116232e+00
-3.114133786799049286e-01 -5.536048525716168456e-01 1.178686114413705521e+00
-3.114133786799049286e-01 -5.536048525716168456e-01 1.178686114413705521e+00
3.536682947168791058e-01 -4.115209398323415035e-01 1.140429405328008627e+00
3.536682947168791058e-01 -4.115209398323415035e-01 1.140429405328008627e+00
-3.617761575093677573e-01 1.116145380808547527e-01 1.329767817261044094e+00
-3.617761575093677573e-01 1.116145380808547527e-01 1.329767817261044094e+00
3.575434424552297319e-01 -3.056092766827987472e-01 1.228474382252542130e+00
3.575434424552297319e-01 -3.056092766827987472e-01 1.228474382252542130e+00
-1.743196384181384673e-01 -2.314580044937009085e-02 1.288329178094126837e+00
-1.743196384181384673e-01 -2.314580044937009085e-02 1.288329178094126837e+00
2.372173353661035655e-01 -9.298309939475868369e-02 1.290453153872983982e+00
2.133886865780532105e-01 -7.256631094492527190e-02 1.263037423334122611e+00
2.133886865780532105e-01 -7.256631094492527190e-02 1.263037423334122611e+00
1.256004422610424998e-01 -8.522941424492325169e-02 1.199027968491711560e+00
1.256004422610424998e-01 -8.522941424492325169e-02 1.199027968491711560e+00
-1.453107603291086680e-01 5.841567721207395758e-01 1.255525079133471333e+00
-1.002456547204927939e-01 -8.145100410619221520e-02 1.260105805545286284e+00
-1.002456547204927939e-01 -8.145100410619221520e-02 1.260105805545286284e+00
2.525731211948564203e-01 -3.325937526875291650e-01 1.219492080041354232e+00
8.892310203032649518e-02 4.813046046757859520e-01 1.130708256570397419e+00
8.892310203032649518e-02 4.813046046757859520e-01 1.130708256570397419e+00
-5.099308876297096171e-01 8.101108626039921212e-02 1.308204774562272910e+00
2.220739292283131494e-01 -4.907950611403500973e-01 1.312931478568328592e+00
2.220739292283131494e-01 -4.907950611403500973e-01 1.312931478568328592e+00
4.106398409017960605e-01 2.529393066894752851e-01 1.175694842159080933e+00
-1.120786213087358041e-01 -5.742422975130576646e-01 1.276189229863148089e+00
-1.120786213087358041e-01 -5.742422975130576646e-01 1.276189229863148089e+00
-4.270071656063845200e-01 -1.639350931944836276e-01 1.140627569771747840e+00
-4.270071656063845200e-01 -1.639350931944836276e-01 1.140627569771747840e+00
-4.565262925745550149e-02 -2.630289919971636192e-01 1.148312417637725957e+00
-4.565262925745550149e-02 -2.630289919971636192e-01 1.148312417637725957e+00
-1.865410105818200437e-01 -2.709801914949931945e-01 1.281537852288791246e+00
-1.865410105818200437e-01 -2.709801914949931945e-01 1.281537852288791246e+00
4.992654667834092175e-01 4.122427014223771780e-01 1.228278151984909528e+00
-3.061400772976419216e-02 -4.353101073368728091e-01 1.219057766660702091e+00
-3.061400772976419216e-02 -4.353101073368728091e-01 1.219057766660702091e+00
-5.236823863166865101e-01 -5.877208971166183460e-01 1.289588177490747611e+00
-5.236823863166865101e-01 -5.877208971166183460e-01 1.289588177490747611e+00
-5.382745270849197405e-01 -4.726119910002453128e-01 1.250301906792084861e+00
-5.382745270849197405e-01 -4.726119910002453128e-01 1.250301906792084861e+00
1.903303118753818524e-01 -4.883623982475226999e-02 1.185799642415410693e+00
1.903303118753818524e-01 -4.883623982475226999e-02 1.185799642415410693e+00
-1.876147668645134492e-01 -9.912624227145450106e-03 1.158421175485849774e+00
-2.862380597072382571e-01 -3.643271412764093053e-02 1.347614562355514245e+00
-2.862380597072382571e-01 -3.643271412764093053e-02 1.347614562355514245e+00
-5.708548871747892717e-01 -4.712915924352569785e-01 1.154835195719764673e+00
-5.708548871747892717e-01 -4.712915924352569785e-01 1.154835195719764673e+00
-1.215716564724084181e-01 -4.395595057819513540e-01 1.182955921224596363e+00
-1.215716564724084181e-01 -4.395595057819513540e-01 1.182955921224596363e+00
6.258496782017497484e-02 -5.234888656028666709e-01 1.191793544158648244e+00
6.258496782017497484e-02 -5.234888656028666709e-01 1.191793544158648244e+00
4.955499722234213422e-02 -4.921264082759469471e-01 1.284172384715392745e+00
4.955499722234213422e-02 -4.921264082759469471e-01 1.284172384715392745e+00
-3.756030807533947136e-01 -2.331676857770492162e-01 1.190056101684959788e+00
-3.756030807533947136e-01 -2.331676857770492162e-01 1.190056101684959788e+00
-4.998369688798880994e-01 -5.219131269707997234e-01 1.212555563346154885e+00
-4.998369688798880994e-01 -5.219131269707997234e-01 1.212555563346154885e+00
-3.639007596740684303e-02 -2.512683331624951388e-01 1.264304680205795339e+00
-3.639007596740684303e-02 -2.512683331624951388e-01 1.264304680205795339e+00
-5.897020965149890603e-02 -3.698907572859508330e-01 1.169678608115328755e+00
-5.897020965149890603e-02 -3.698907572859508330e-01 1.169678608115328755e+00
-5.794684159195498951e-01 -1.934603087495311291e-01 1.164505744520391017e+00
-5.794684159195498951e-01 -1.934603087495311291e-01 1.164505744520391017e+00
-3.696793467230303221e-01 -8.036620027115393139e-02 1.308591312532449535e+00
-3.696793467230303221e-01 -8.036620027115393139e-02 1.308591312532449535e+00
-5.842024956080035247e-01 -3.906711861602086833e-01 1.252133036707855140e+00
-5.842024956080035247e-01 -3.906711861602086833e-01 1.252133036707855140e+00
-2.829400666043597745e-01 5.937461765529629121e-01 1.214989462115689811e+00
3.846663168095820762e-01 -2.060130329738938948e-01 1.214279723064604743e+00
3.225791423954205150e-01 -2.891695459662069756e-01 1.287314278088189878e+00
1.778844919301183491e-01 -5.076897983786868851e-01 1.176473096125730367e+00
1.778844919301183491e-01 -5.076897983786868851e-01 1.176473096125730367e+00
-2.973081945531159676e-01 -1.485229688969892381e-01 1.193615112933380296e+00
-2.973081945531159676e-01 -1.485229688969892381e-01 1.193615112933380296e+00
-4.595197835769592176e-01 -2.930713038825560890e-01 1.291482844364186811e+00
-4.595197835769592176e-01 -2.930713038825560890e-01 1.291482844364186811e+00
-3.108548084869720007e-01 -4.238242954958423292e-01 1.349297537842938599e+00
-3.108548084869720007e-01 -4.238242954958423292e-01 1.349297537842938599e+00
-4.768865426818597042e-01 -4.807224814568691329e-01 1.214875728209580119e+00
-4.768865426818597042e-01 -4.807224814568691329e-01 1.214875728209580119e+00
-3.145677016399372472e-01 -6.939466266720806242e-02 1.202722188478583476e+00
-3.145677016399372472e-01 -6.939466266720806242e-02 1.202722188478583476e+00
1.947314259472159303e-01 -2.917862221554212709e-03 1.187649296176977343e+00
1.947314259472159303e-01 -2.917862221554212709e-03 1.187649296176977343e+00
2.475519116521404106e-01 -5.402965401415936730e-01 1.154229555488356818e+00
2.475519116521404106e-01 -5.402965401415936730e-01 1.154229555488356818e+00
8.037968376770121548e-02 -2.109122598245664060e-01 1.189685576247496268e+00
8.037968376770121548e-02 -2.109122598245664060e-01 1.189685576247496268e+00
7.428050646598083340e-02 -5.761346086014526024e-01 1.198040245656076142e+00
7.428050646598083340e-02 -5.761346086014526024e-01 1.198040245656076142e+00
-1.939307955866846900e-01 -1.726788553040198848e-01 1.174974257129181021e+00
-1.939307955866846900e-01 -1.726788553040198848e-01 1.174974257129181021e+00
8.221094188344835185e-02 -4.589613323492661712e-01 1.122884355129772027e+00
8.221094188344835185e-02 -4.589613323492661712e-01 1.122884355129772027e+00
3.081539897285490159e-02 5.384027651419266425e-01 1.234719758146844093e+00
-5.019154838830719445e-02 -5.963821770464518002e-01 1.239765844643062609e+00
-5.019154838830719445e-02 -5.963821770464518002e-01 1.239765844643062609e+00
-4.014193208219859477e-01 5.880595091241352934e-01 1.223812127590785837e+00
-4.770757406451505700e-01 3.320941701064533680e-01 1.159849688916370081e+00
-2.257426636040587020e-01 -2.160639340498264893e-01 1.245341899448866529e+00
-2.257426636040587020e-01 -2.160639340498264893e-01 1.245341899448866529e+00
-4.508676658368286905e-01 -4.516889924607592199e-02 1.179607887164443980e+00
-4.508676658368286905e-01 -4.516889924607592199e-02 1.179607887164443980e+00
-5.119574665306270145e-01 3.710808761698722869e-01 1.213331706239019647e+00
3.129813816227641210e-01 4.765234257431837372e-01 1.184884658259067969e+00
3.301656532483000506e-01 -4.319079831144484460e-01 1.166871092525334053e+00
3.301656532483000506e-01 -4.319079831144484460e-01 1.166871092525334053e+00
8.220305010791961742e-02 -4.563215971794792880e-01 1.293202057897683943e+00
8.220305010791961742e-02 -4.563215971794792880e-01 1.293202057897683943e+00
8.865712035126327439e-02 -1.138078011850380822e-01 1.245770815702371692e+00
8.865712035126327439e-02 -1.138078011850380822e-01 1.245770815702371692e+00
1.675686919153268617e-01 -5.654329829157132004e-01 1.247459733252193059e+00
1.675686919153268617e-01 -5.654329829157132004e-01 1.247459733252193059e+00
-1.306758479962518704e-01 9.047451500594605456e-03 1.331851162560739210e+00
1.929040869102529587e-01 1.299864597671929189e-02 1.263231975085495673e+00
1.929040869102529587e-01 1.299864597671929189e-02 1.263231975085495673e+00
1.929040869102529587e-01 1.299864597671929189e-02 1.263231975085495673e+00
1.929040869102529587e-01 1.299864597671929189e-02 1.263231975085495673e+00
1.929040869102529587e-01 1.299864597671929189e-02 1.263231975085495673e+00
1.929040869102529587e-01 1.299864597671929189e-02 1.263231975085495673e+00
1.929040869102529587e-01 1.299864597671929189e-02 1.263231975085495673e+00
1.929040869102529587e-01 1.299864597671929189e-02 1.263231975085495673e+00
1.929040869102529587e-01 1.299864597671929189e-02 1.263231975085495673e+00
1.929040869102529587e-01 1.299864597671929189e-02 1.263231975085495673e+00
1.929040869102529587e-01 1.299864597671929189e-02 1.263231975085495673e+00
1.929040869102529587e-01 1.299864597671929189e-02 1.263231975085495673e+00
1.929040869102529587e-01 1.299864597671929189e-02 1.263231975085495673e+00
1.929040869102529587e-01 1.299864597671929189e-02 1.263231975085495673e+00
1.929040869102529587e-01 1.299864597671929189e-02 1.263231975085495673e+00
-4.033455054693239616e-01 5.313004316681241290e-01 1.256876208502121672e+00
-4.033455054693239616e-01 5.313004316681241290e-01 1.256876208502121672e+00
-4.033455054693239616e-01 5.313004316681241290e-01 1.256876208502121672e+00
-4.033455054693239616e-01 5.313004316681241290e-01 1.256876208502121672e+00
-4.033455054693239616e-01 5.313004316681241290e-01 1.256876208502121672e+00
4.978321149046837091e-01 3.471741788202075130e-01 1.347828622393627773e+00
4.978321149046837091e-01 3.471741788202075130e-01 1.347828622393627773e+00
4.978321149046837091e-01 3.471741788202075130e-01 1.347828622393627773e+00
4.978321149046837091e-01 3.471741788202075130e-01 1.347828622393627773e+00
4.978321149046837091e-01 3.471741788202075130e-01 1.347828622393627773e+00
1.045708679303704036e-01 5.503150831971682644e-01 1.128358859184499519e+00
1.045708679303704036e-01 5.503150831971682644e-01 1.128358859184499519e+00
1.045708679303704036e-01 5.503150831971682644e-01 1.128358859184499519e+00
1.045708679303704036e-01 5.503150831971682644e-01 1.128358859184499519e+00
1.045708679303704036e-01 5.503150831971682644e-01 1.128358859184499519e+00
5.608222354986488467e-01 4.351621499531438397e-01 1.135783036302968174e+00
5.608222354986488467e-01 4.351621499531438397e-01 1.135783036302968174e+00
5.608222354986488467e-01 4.351621499531438397e-01 1.135783036302968174e+00
5.608222354986488467e-01 4.351621499531438397e-01 1.135783036302968174e+00
5.608222354986488467e-01 4.351621499531438397e-01 1.135783036302968174e+00
-3.517888389593759046e-01 8.945985857226645965e-02 1.316917784552736226e+00
-3.517888389593759046e-01 8.945985857226645965e-02 1.316917784552736226e+00
-3.517888389593759046e-01 8.945985857226645965e-02 1.316917784552736226e+00
-3.517888389593759046e-01 8.945985857226645965e-02 1.316917784552736226e+00
-3.517888389593759046e-01 8.945985857226645965e-02 1.316917784552736226e+00
-3.517888389593759046e-01 8.945985857226645965e-02 1.316917784552736226e+00
-3.517888389593759046e-01 8.945985857226645965e-02 1.316917784552736226e+00
-3.517888389593759046e-01 8.945985857226645965e-02 1.316917784552736226e+00
-3.517888389593759046e-01 8.945985857226645965e-02 1.316917784552736226e+00
-3.517888389593759046e-01 8.945985857226645965e-02 1.316917784552736226e+00
-4.962337087276403325e-01 4.890837754989053598e-01 1.147361366367599222e+00
-4.962337087276403325e-01 4.890837754989053598e-01 1.147361366367599222e+00
-4.962337087276403325e-01 4.890837754989053598e-01 1.147361366367599222e+00
-4.962337087276403325e-01 4.890837754989053598e-01 1.147361366367599222e+00
-4.962337087276403325e-01 4.890837754989053598e-01 1.147361366367599222e+00
-4.183695545970744778e-01 5.077066404656260801e-02 1.218199147900546064e+00
-4.183695545970744778e-01 5.077066404656260801e-02 1.218199147900546064e+00
-4.183695545970744778e-01 5.077066404656260801e-02 1.218199147900546064e+00
-4.183695545970744778e-01 5.077066404656260801e-02 1.218199147900546064e+00
-4.183695545970744778e-01 5.077066404656260801e-02 1.218199147900546064e+00
-3.691340122862046824e-01 5.624178327439145475e-01 1.211906649824628257e+00
-3.691340122862046824e-01 5.624178327439145475e-01 1.211906649824628257e+00
-3.691340122862046824e-01 5.624178327439145475e-01 1.211906649824628257e+00
-3.691340122862046824e-01 5.624178327439145475e-01 1.211906649824628257e+00
-3.691340122862046824e-01 5.624178327439145475e-01 1.211906649824628257e+00
-3.526296255035865079e-01 5.038849676500173347e-01 1.154781600164790145e+00
-3.526296255035865079e-01 5.038849676500173347e-01 1.154781600164790145e+00
-3.526296255035865079e-01 5.038849676500173347e-01 1.154781600164790145e+00
-3.526296255035865079e-01 5.038849676500173347e-01 1.154781600164790145e+00
-3.526296255035865079e-01 5.038849676500173347e-01 1.154781600164790145e+00
-3.526296255035865079e-01 5.038849676500173347e-01 1.154781600164790145e+00
-3.526296255035865079e-01 5.038849676500173347e-01 1.154781600164790145e+00
-3.526296255035865079e-01 5.038849676500173347e-01 1.154781600164790145e+00
-3.526296255035865079e-01 5.038849676500173347e-01 1.154781600164790145e+00
-3.526296255035865079e-01 5.038849676500173347e-01 1.154781600164790145e+00
4.899345266146298838e-01 4.228540654438345259e-01 1.225526707862891085e+00
4.899345266146298838e-01 4.228540654438345259e-01 1.225526707862891085e+00
4.899345266146298838e-01 4.228540654438345259e-01 1.225526707862891085e+00
4.899345266146298838e-01 4.228540654438345259e-01 1.225526707862891085e+00
4.899345266146298838e-01 4.228540654438345259e-01 1.225526707862891085e+00
-5.347669983970813057e-01 1.125049055636444528e-01 1.189616354307903690e+00
-5.347669983970813057e-01 1.125049055636444528e-01 1.189616354307903690e+00
-5.347669983970813057e-01 1.125049055636444528e-01 1.189616354307903690e+00
-5.347669983970813057e-01 1.125049055636444528e-01 1.189616354307903690e+00
-5.347669983970813057e-01 1.125049055636444528e-01 1.189616354307903690e+00
-2.069269911154192343e-01 8.482724187245582748e-02 1.210646152573327416e+00
-2.069269911154192343e-01 8.482724187245582748e-02 1.210646152573327416e+00
-2.069269911154192343e-01 8.482724187245582748e-02 1.210646152573327416e+00
-2.069269911154192343e-01 8.482724187245582748e-02 1.210646152573327416e+00
-2.069269911154192343e-01 8.482724187245582748e-02 1.210646152573327416e+00
-3.162089900260570130e-01 5.743480159623645109e-01 1.143985841843934148e+00
-3.162089900260570130e-01 5.743480159623645109e-01 1.143985841843934148e+00
-3.162089900260570130e-01 5.743480159623645109e-01 1.143985841843934148e+00
-3.162089900260570130e-01 5.743480159623645109e-01 1.143985841843934148e+00
-3.162089900260570130e-01 5.743480159623645109e-01 1.143985841843934148e+00
-3.943401171863909482e-01 4.202189508747622426e-02 1.188778324919764762e+00
-3.943401171863909482e-01 4.202189508747622426e-02 1.188778324919764762e+00
-3.943401171863909482e-01 4.202189508747622426e-02 1.188778324919764762e+00
-3.943401171863909482e-01 4.202189508747622426e-02 1.188778324919764762e+00
-3.943401171863909482e-01 4.202189508747622426e-02 1.188778324919764762e+00
-3.943401171863909482e-01 4.202189508747622426e-02 1.188778324919764762e+00
-3.943401171863909482e-01 4.202189508747622426e-02 1.188778324919764762e+00
-3.943401171863909482e-01 4.202189508747622426e-02 1.188778324919764762e+00
-3.943401171863909482e-01 4.202189508747622426e-02 1.188778324919764762e+00
-3.943401171863909482e-01 4.202189508747622426e-02 1.188778324919764762e+00
5.901853069046824052e-01 3.660164053008744256e-01 1.243950398696265891e+00
5.901853069046824052e-01 3.660164053008744256e-01 1.243950398696265891e+00
5.901853069046824052e-01 3.660164053008744256e-01 1.243950398696265891e+00
5.901853069046824052e-01 3.660164053008744256e-01 1.243950398696265891e+00
5.901853069046824052e-01 3.660164053008744256e-01 1.243950398696265891e+00
5.901853069046824052e-01 3.660164053008744256e-01 1.243950398696265891e+00
5.901853069046824052e-01 3.660164053008744256e-01 1.243950398696265891e+00
5.901853069046824052e-01 3.660164053008744256e-01 1.243950398696265891e+00
5.901853069046824052e-01 3.660164053008744256e-01 1.243950398696265891e+00
5.901853069046824052e-01 3.660164053008744256e-01 1.243950398696265891e+00
-7.360493914849253194e-02 7.941070670421046529e-03 1.329939450578655258e+00
-7.360493914849253194e-02 7.941070670421046529e-03 1.329939450578655258e+00
-7.360493914849253194e-02 7.941070670421046529e-03 1.329939450578655258e+00
-7.360493914849253194e-02 7.941070670421046529e-03 1.329939450578655258e+00
-7.360493914849253194e-02 7.941070670421046529e-03 1.329939450578655258e+00
-7.360493914849253194e-02 7.941070670421046529e-03 1.329939450578655258e+00
-7.360493914849253194e-02 7.941070670421046529e-03 1.329939450578655258e+00
-7.360493914849253194e-02 7.941070670421046529e-03 1.329939450578655258e+00
-7.360493914849253194e-02 7.941070670421046529e-03 1.329939450578655258e+00
-7.360493914849253194e-02 7.941070670421046529e-03 1.329939450578655258e+00
-4.669827355663027646e-01 7.657360498009690986e-02 1.317726043326913343e+00
-4.669827355663027646e-01 7.657360498009690986e-02 1.317726043326913343e+00
-4.669827355663027646e-01 7.657360498009690986e-02 1.317726043326913343e+00
-4.669827355663027646e-01 7.657360498009690986e-02 1.317726043326913343e+00
-4.669827355663027646e-01 7.657360498009690986e-02 1.317726043326913343e+00
-4.669827355663027646e-01 7.657360498009690986e-02 1.317726043326913343e+00
-4.669827355663027646e-01 7.657360498009690986e-02 1.317726043326913343e+00
-4.669827355663027646e-01 7.657360498009690986e-02 1.317726043326913343e+00
-4.669827355663027646e-01 7.657360498009690986e-02 1.317726043326913343e+00
-4.669827355663027646e-01 7.657360498009690986e-02 1.317726043326913343e+00
-5.661183026931404516e-02 1.522533754465393852e-02 1.239744461511688822e+00
-5.661183026931404516e-02 1.522533754465393852e-02 1.239744461511688822e+00
-5.661183026931404516e-02 1.522533754465393852e-02 1.239744461511688822e+00
-5.661183026931404516e-02 1.522533754465393852e-02 1.239744461511688822e+00
-5.661183026931404516e-02 1.522533754465393852e-02 1.239744461511688822e+00
-3.303347296173291814e-01 4.124331315618040561e-01 1.193664006835923441e+00
-3.303347296173291814e-01 4.124331315618040561e-01 1.193664006835923441e+00
-3.303347296173291814e-01 4.124331315618040561e-01 1.193664006835923441e+00
-3.303347296173291814e-01 4.124331315618040561e-01 1.193664006835923441e+00
-3.303347296173291814e-01 4.124331315618040561e-01 1.193664006835923441e+00
-4.615102240486730345e-01 4.394444480413083332e-01 1.283742515043956312e+00
-4.615102240486730345e-01 4.394444480413083332e-01 1.283742515043956312e+00
-4.615102240486730345e-01 4.394444480413083332e-01 1.283742515043956312e+00
-4.615102240486730345e-01 4.394444480413083332e-01 1.283742515043956312e+00
-4.615102240486730345e-01 4.394444480413083332e-01 1.283742515043956312e+00
4.694667729868906569e-02 5.392540691692585542e-01 1.278688548041267969e+00
4.694667729868906569e-02 5.392540691692585542e-01 1.278688548041267969e+00
4.694667729868906569e-02 5.392540691692585542e-01 1.278688548041267969e+00
4.694667729868906569e-02 5.392540691692585542e-01 1.278688548041267969e+00
4.694667729868906569e-02 5.392540691692585542e-01 1.278688548041267969e+00
-3.411045548139189365e-01 3.517648549471519281e-02 1.232714740242556895e+00
-3.411045548139189365e-01 3.517648549471519281e-02 1.232714740242556895e+00
-3.411045548139189365e-01 3.517648549471519281e-02 1.232714740242556895e+00
-3.411045548139189365e-01 3.517648549471519281e-02 1.232714740242556895e+00
-3.411045548139189365e-01 3.517648549471519281e-02 1.232714740242556895e+00
-3.411045548139189365e-01 3.517648549471519281e-02 1.232714740242556895e+00
-3.411045548139189365e-01 3.517648549471519281e-02 1.232714740242556895e+00
-3.411045548139189365e-01 3.517648549471519281e-02 1.232714740242556895e+00
-3.411045548139189365e-01 3.517648549471519281e-02 1.232714740242556895e+00
-3.411045548139189365e-01 3.517648549471519281e-02 1.232714740242556895e+00
-3.329174879328584691e-01 4.318759233930341557e-01 1.195708649925000255e+00
-3.329174879328584691e-01 4.318759233930341557e-01 1.195708649925000255e+00
-3.329174879328584691e-01 4.318759233930341557e-01 1.195708649925000255e+00
-3.329174879328584691e-01 4.318759233930341557e-01 1.195708649925000255e+00
-3.329174879328584691e-01 4.318759233930341557e-01 1.195708649925000255e+00
-7.083975855306579028e-02 1.081903470222300712e-02 1.331519053451664103e+00
-7.083975855306579028e-02 1.081903470222300712e-02 1.331519053451664103e+00
-7.083975855306579028e-02 1.081903470222300712e-02 1.331519053451664103e+00
-7.083975855306579028e-02 1.081903470222300712e-02 1.331519053451664103e+00
-7.083975855306579028e-02 1.081903470222300712e-02 1.331519053451664103e+00
-7.083975855306579028e-02 1.081903470222300712e-02 1.331519053451664103e+00
-7.083975855306579028e-02 1.081903470222300712e-02 1.331519053451664103e+00
-7.083975855306579028e-02 1.081903470222300712e-02 1.331519053451664103e+00
-7.083975855306579028e-02 1.081903470222300712e-02 1.331519053451664103e+00
-7.083975855306579028e-02 1.081903470222300712e-02 1.331519053451664103e+00
-7.503531204930480314e-02 5.570590939384745255e-02 1.346960984886679036e+00
-7.503531204930480314e-02 5.570590939384745255e-02 1.346960984886679036e+00
-7.503531204930480314e-02 5.570590939384745255e-02 1.346960984886679036e+00
-7.503531204930480314e-02 5.570590939384745255e-02 1.346960984886679036e+00
-7.503531204930480314e-02 5.570590939384745255e-02 1.346960984886679036e+00
-7.503531204930480314e-02 5.570590939384745255e-02 1.346960984886679036e+00
-7.503531204930480314e-02 5.570590939384745255e-02 1.346960984886679036e+00
-7.503531204930480314e-02 5.570590939384745255e-02 1.346960984886679036e+00
-7.503531204930480314e-02 5.570590939384745255e-02 1.346960984886679036e+00
-7.503531204930480314e-02 5.570590939384745255e-02 1.346960984886679036e+00
-4.229355174816340490e-01 4.206380936235887269e-02 1.305284900665239389e+00
-4.229355174816340490e-01 4.206380936235887269e-02 1.305284900665239389e+00
-4.229355174816340490e-01 4.206380936235887269e-02 1.305284900665239389e+00
-4.229355174816340490e-01 4.206380936235887269e-02 1.305284900665239389e+00
-4.229355174816340490e-01 4.206380936235887269e-02 1.305284900665239389e+00
-4.229355174816340490e-01 4.206380936235887269e-02 1.305284900665239389e+00
-4.229355174816340490e-01 4.206380936235887269e-02 1.305284900665239389e+00
-4.229355174816340490e-01 4.206380936235887269e-02 1.305284900665239389e+00
-4.229355174816340490e-01 4.206380936235887269e-02 1.305284900665239389e+00
-4.229355174816340490e-01 4.206380936235887269e-02 1.305284900665239389e+00
-4.917195120329845848e-01 9.526500301408402649e-02 1.190774428974819665e+00
-4.917195120329845848e-01 9.526500301408402649e-02 1.190774428974819665e+00
-4.917195120329845848e-01 9.526500301408402649e-02 1.190774428974819665e+00
-4.917195120329845848e-01 9.526500301408402649e-02 1.190774428974819665e+00
-4.917195120329845848e-01 9.526500301408402649e-02 1.190774428974819665e+00
-1.758442958818617896e-01 3.682299586383164236e-02 1.182076316025826745e+00
-1.758442958818617896e-01 3.682299586383164236e-02 1.182076316025826745e+00
-1.758442958818617896e-01 3.682299586383164236e-02 1.182076316025826745e+00
-1.758442958818617896e-01 3.682299586383164236e-02 1.182076316025826745e+00
-1.758442958818617896e-01 3.682299586383164236e-02 1.182076316025826745e+00
-1.758442958818617896e-01 3.682299586383164236e-02 1.182076316025826745e+00
-1.758442958818617896e-01 3.682299586383164236e-02 1.182076316025826745e+00
-1.758442958818617896e-01 3.682299586383164236e-02 1.182076316025826745e+00
-1.758442958818617896e-01 3.682299586383164236e-02 1.182076316025826745e+00
-1.758442958818617896e-01 3.682299586383164236e-02 1.182076316025826745e+00
-2.138742522559503589e-01 5.182563841003292593e-01 1.195128862623500599e+00
-2.138742522559503589e-01 5.182563841003292593e-01 1.195128862623500599e+00
-2.138742522559503589e-01 5.182563841003292593e-01 1.195128862623500599e+00
-2.138742522559503589e-01 5.182563841003292593e-01 1.195128862623500599e+00
-2.138742522559503589e-01 5.182563841003292593e-01 1.195128862623500599e+00
-3.469367336227013876e-01 7.219244063670593459e-02 1.238603204777545264e+00
-3.469367336227013876e-01 7.219244063670593459e-02 1.238603204777545264e+00
-3.469367336227013876e-01 7.219244063670593459e-02 1.238603204777545264e+00
-3.469367336227013876e-01 7.219244063670593459e-02 1.238603204777545264e+00
-3.469367336227013876e-01 7.219244063670593459e-02 1.238603204777545264e+00
-3.469367336227013876e-01 7.219244063670593459e-02 1.238603204777545264e+00
-3.469367336227013876e-01 7.219244063670593459e-02 1.238603204777545264e+00
-3.469367336227013876e-01 7.219244063670593459e-02 1.238603204777545264e+00
-3.469367336227013876e-01 7.219244063670593459e-02 1.238603204777545264e+00
-3.469367336227013876e-01 7.219244063670593459e-02 1.238603204777545264e+00
-1.542000536164009894e-01 5.873368740675543043e-01 1.190095271841603131e+00
-1.542000536164009894e-01 5.873368740675543043e-01 1.190095271841603131e+00
-1.542000536164009894e-01 5.873368740675543043e-01 1.190095271841603131e+00
-1.542000536164009894e-01 5.873368740675543043e-01 1.190095271841603131e+00
-1.542000536164009894e-01 5.873368740675543043e-01 1.190095271841603131e+00
3.125825744462317202e-01 4.326737465586075748e-01 1.172886800738323076e+00
3.125825744462317202e-01 4.326737465586075748e-01 1.172886800738323076e+00
3.125825744462317202e-01 4.326737465586075748e-01 1.172886800738323076e+00
3.125825744462317202e-01 4.326737465586075748e-01 1.172886800738323076e+00
3.125825744462317202e-01 4.326737465586075748e-01 1.172886800738323076e+00
2.051044410174817090e-01 5.318450871116134904e-01 1.171623005889897762e+00
2.051044410174817090e-01 5.318450871116134904e-01 1.171623005889897762e+00
2.051044410174817090e-01 5.318450871116134904e-01 1.171623005889897762e+00
2.051044410174817090e-01 5.318450871116134904e-01 1.171623005889897762e+00
2.051044410174817090e-01 5.318450871116134904e-01 1.171623005889897762e+00
2.051044410174817090e-01 5.318450871116134904e-01 1.171623005889897762e+00
2.051044410174817090e-01 5.318450871116134904e-01 1.171623005889897762e+00
2.051044410174817090e-01 5.318450871116134904e-01 1.171623005889897762e+00
2.051044410174817090e-01 5.318450871116134904e-01 1.171623005889897762e+00
2.051044410174817090e-01 5.318450871116134904e-01 1.171623005889897762e+00
4.231367598449542466e-02 5.216174801440031095e-01 1.192533227834811083e+00
4.231367598449542466e-02 5.216174801440031095e-01 1.192533227834811083e+00
4.231367598449542466e-02 5.216174801440031095e-01 1.192533227834811083e+00
4.231367598449542466e-02 5.216174801440031095e-01 1.192533227834811083e+00
4.231367598449542466e-02 5.216174801440031095e-01 1.192533227834811083e+00
-3.913631560524765129e-01 2.697658652534118406e-02 1.343655732666827474e+00
-3.913631560524765129e-01 2.697658652534118406e-02 1.343655732666827474e+00
-3.913631560524765129e-01 2.697658652534118406e-02 1.343655732666827474e+00
-3.913631560524765129e-01 2.697658652534118406e-02 1.343655732666827474e+00
-3.913631560524765129e-01 2.697658652534118406e-02 1.343655732666827474e+00
-3.913631560524765129e-01 2.697658652534118406e-02 1.343655732666827474e+00
-3.913631560524765129e-01 2.697658652534118406e-02 1.343655732666827474e+00
-3.913631560524765129e-01 2.697658652534118406e-02 1.343655732666827474e+00
-3.913631560524765129e-01 2.697658652534118406e-02 1.343655732666827474e+00
-3.913631560524765129e-01 2.697658652534118406e-02 1.343655732666827474e+00
-1.721928585908814591e-01 2.231131340590941647e-05 1.283082425658180536e+00
-1.721928585908814591e-01 2.231131340590941647e-05 1.283082425658180536e+00
-1.721928585908814591e-01 2.231131340590941647e-05 1.283082425658180536e+00
-1.721928585908814591e-01 2.231131340590941647e-05 1.283082425658180536e+00
-1.721928585908814591e-01 2.231131340590941647e-05 1.283082425658180536e+00
-1.721928585908814591e-01 2.231131340590941647e-05 1.283082425658180536e+00
-1.721928585908814591e-01 2.231131340590941647e-05 1.283082425658180536e+00
-1.721928585908814591e-01 2.231131340590941647e-05 1.283082425658180536e+00
-1.721928585908814591e-01 2.231131340590941647e-05 1.283082425658180536e+00
-1.721928585908814591e-01 2.231131340590941647e-05 1.283082425658180536e+00
8.544627243322711063e-02 1.175530789402822185e-01 1.163571388693551922e+00
8.544627243322711063e-02 1.175530789402822185e-01 1.163571388693551922e+00
8.544627243322711063e-02 1.175530789402822185e-01 1.163571388693551922e+00
8.544627243322711063e-02 1.175530789402822185e-01 1.163571388693551922e+00
8.544627243322711063e-02 1.175530789402822185e-01 1.163571388693551922e+00
-6.579558910305882691e-02 5.501621544958966714e-01 1.182071346758057695e+00
-6.579558910305882691e-02 5.501621544958966714e-01 1.182071346758057695e+00
-6.579558910305882691e-02 5.501621544958966714e-01 1.182071346758057695e+00
-6.579558910305882691e-02 5.501621544958966714e-01 1.182071346758057695e+00
-6.579558910305882691e-02 5.501621544958966714e-01 1.182071346758057695e+00
-6.579558910305882691e-02 5.501621544958966714e-01 1.182071346758057695e+00
-6.579558910305882691e-02 5.501621544958966714e-01 1.182071346758057695e+00
-6.579558910305882691e-02 5.501621544958966714e-01 1.182071346758057695e+00
-6.579558910305882691e-02 5.501621544958966714e-01 1.182071346758057695e+00
-6.579558910305882691e-02 5.501621544958966714e-01 1.182071346758057695e+00
1.292379033838360058e-01 4.349959411136455900e-01 1.147612976400435914e+00
1.292379033838360058e-01 4.349959411136455900e-01 1.147612976400435914e+00
1.292379033838360058e-01 4.349959411136455900e-01 1.147612976400435914e+00
1.292379033838360058e-01 4.349959411136455900e-01 1.147612976400435914e+00
1.292379033838360058e-01 4.349959411136455900e-01 1.147612976400435914e+00
-3.169762559851150852e-01 1.001811666269114554e-02 1.172436994366843566e+00
-3.169762559851150852e-01 1.001811666269114554e-02 1.172436994366843566e+00
-3.169762559851150852e-01 1.001811666269114554e-02 1.172436994366843566e+00
-3.169762559851150852e-01 1.001811666269114554e-02 1.172436994366843566e+00
-3.169762559851150852e-01 1.001811666269114554e-02 1.172436994366843566e+00
-3.169762559851150852e-01 1.001811666269114554e-02 1.172436994366843566e+00
-3.169762559851150852e-01 1.001811666269114554e-02 1.172436994366843566e+00
-3.169762559851150852e-01 1.001811666269114554e-02 1.172436994366843566e+00
-3.169762559851150852e-01 1.001811666269114554e-02 1.172436994366843566e+00
-3.169762559851150852e-01 1.001811666269114554e-02 1.172436994366843566e+00
-4.099451673927482220e-01 9.839765109090437001e-02 1.144822655471152251e+00
-4.099451673927482220e-01 9.839765109090437001e-02 1.144822655471152251e+00
-4.099451673927482220e-01 9.839765109090437001e-02 1.144822655471152251e+00
-4.099451673927482220e-01 9.839765109090437001e-02 1.144822655471152251e+00
-4.099451673927482220e-01 9.839765109090437001e-02 1.144822655471152251e+00
-4.099451673927482220e-01 9.839765109090437001e-02 1.144822655471152251e+00
-4.099451673927482220e-01 9.839765109090437001e-02 1.144822655471152251e+00
-4.099451673927482220e-01 9.839765109090437001e-02 1.144822655471152251e+00
-4.099451673927482220e-01 9.839765109090437001e-02 1.144822655471152251e+00
-4.099451673927482220e-01 9.839765109090437001e-02 1.144822655471152251e+00
-1.445073484057283753e-01 5.252611077468050116e-02 1.293768804038858855e+00
-1.445073484057283753e-01 5.252611077468050116e-02 1.293768804038858855e+00
-1.445073484057283753e-01 5.252611077468050116e-02 1.293768804038858855e+00
-1.445073484057283753e-01 5.252611077468050116e-02 1.293768804038858855e+00
-1.445073484057283753e-01 5.252611077468050116e-02 1.293768804038858855e+00
-1.445073484057283753e-01 5.252611077468050116e-02 1.293768804038858855e+00
-1.445073484057283753e-01 5.252611077468050116e-02 1.293768804038858855e+00
-1.445073484057283753e-01 5.252611077468050116e-02 1.293768804038858855e+00
-1.445073484057283753e-01 5.252611077468050116e-02 1.293768804038858855e+00
-1.445073484057283753e-01 5.252611077468050116e-02 1.293768804038858855e+00
-3.935570738456339313e-01 9.988591297074667086e-02 1.329856292515150029e+00
-3.935570738456339313e-01 9.988591297074667086e-02 1.329856292515150029e+00
-3.935570738456339313e-01 9.988591297074667086e-02 1.329856292515150029e+00
-3.935570738456339313e-01 9.988591297074667086e-02 1.329856292515150029e+00
-3.935570738456339313e-01 9.988591297074667086e-02 1.329856292515150029e+00
-3.935570738456339313e-01 9.988591297074667086e-02 1.329856292515150029e+00
-3.935570738456339313e-01 9.988591297074667086e-02 1.329856292515150029e+00
-3.935570738456339313e-01 9.988591297074667086e-02 1.329856292515150029e+00
-3.935570738456339313e-01 9.988591297074667086e-02 1.329856292515150029e+00
-3.935570738456339313e-01 9.988591297074667086e-02 1.329856292515150029e+00
-3.617761575093677573e-01 1.116145380808547527e-01 1.329767817261044094e+00
-3.617761575093677573e-01 1.116145380808547527e-01 1.329767817261044094e+00
-3.617761575093677573e-01 1.116145380808547527e-01 1.329767817261044094e+00
-3.617761575093677573e-01 1.116145380808547527e-01 1.329767817261044094e+00
-3.617761575093677573e-01 1.116145380808547527e-01 1.329767817261044094e+00
-3.617761575093677573e-01 1.116145380808547527e-01 1.329767817261044094e+00
-3.617761575093677573e-01 1.116145380808547527e-01 1.329767817261044094e+00
-3.617761575093677573e-01 1.116145380808547527e-01 1.329767817261044094e+00
-3.617761575093677573e-01 1.116145380808547527e-01 1.329767817261044094e+00
-3.617761575093677573e-01 1.116145380808547527e-01 1.329767817261044094e+00
-1.453107603291086680e-01 5.841567721207395758e-01 1.255525079133471333e+00
-1.453107603291086680e-01 5.841567721207395758e-01 1.255525079133471333e+00
-1.453107603291086680e-01 5.841567721207395758e-01 1.255525079133471333e+00
-1.453107603291086680e-01 5.841567721207395758e-01 1.255525079133471333e+00
-1.453107603291086680e-01 5.841567721207395758e-01 1.255525079133471333e+00
8.892310203032649518e-02 4.813046046757859520e-01 1.130708256570397419e+00
8.892310203032649518e-02 4.813046046757859520e-01 1.130708256570397419e+00
8.892310203032649518e-02 4.813046046757859520e-01 1.130708256570397419e+00
8.892310203032649518e-02 4.813046046757859520e-01 1.130708256570397419e+00
8.892310203032649518e-02 4.813046046757859520e-01 1.130708256570397419e+00
8.892310203032649518e-02 4.813046046757859520e-01 1.130708256570397419e+00
8.892310203032649518e-02 4.813046046757859520e-01 1.130708256570397419e+00
8.892310203032649518e-02 4.813046046757859520e-01 1.130708256570397419e+00
8.892310203032649518e-02 4.813046046757859520e-01 1.130708256570397419e+00
8.892310203032649518e-02 4.813046046757859520e-01 1.130708256570397419e+00
-5.099308876297096171e-01 8.101108626039921212e-02 1.308204774562272910e+00
-5.099308876297096171e-01 8.101108626039921212e-02 1.308204774562272910e+00
-5.099308876297096171e-01 8.101108626039921212e-02 1.308204774562272910e+00
-5.099308876297096171e-01 8.101108626039921212e-02 1.308204774562272910e+00
-5.099308876297096171e-01 8.101108626039921212e-02 1.308204774562272910e+00
4.106398409017960605e-01 2.529393066894752851e-01 1.175694842159080933e+00
4.106398409017960605e-01 2.529393066894752851e-01 1.175694842159080933e+00
4.106398409017960605e-01 2.529393066894752851e-01 1.175694842159080933e+00
4.106398409017960605e-01 2.529393066894752851e-01 1.175694842159080933e+00
4.106398409017960605e-01 2.529393066894752851e-01 1.175694842159080933e+00
4.992654667834092175e-01 4.122427014223771780e-01 1.228278151984909528e+00
4.992654667834092175e-01 4.122427014223771780e-01 1.228278151984909528e+00
4.992654667834092175e-01 4.122427014223771780e-01 1.228278151984909528e+00
4.992654667834092175e-01 4.122427014223771780e-01 1.228278151984909528e+00
4.992654667834092175e-01 4.122427014223771780e-01 1.228278151984909528e+00
-2.829400666043597745e-01 5.937461765529629121e-01 1.214989462115689811e+00
-2.829400666043597745e-01 5.937461765529629121e-01 1.214989462115689811e+00
-2.829400666043597745e-01 5.937461765529629121e-01 1.214989462115689811e+00
-2.829400666043597745e-01 5.937461765529629121e-01 1.214989462115689811e+00
-2.829400666043597745e-01 5.937461765529629121e-01 1.214989462115689811e+00
3.081539897285490159e-02 5.384027651419266425e-01 1.234719758146844093e+00
3.081539897285490159e-02 5.384027651419266425e-01 1.234719758146844093e+00
3.081539897285490159e-02 5.384027651419266425e-01 1.234719758146844093e+00
3.081539897285490159e-02 5.384027651419266425e-01 1.234719758146844093e+00
3.081539897285490159e-02 5.384027651419266425e-01 1.234719758146844093e+00
-4.014193208219859477e-01 5.880595091241352934e-01 1.223812127590785837e+00
-4.014193208219859477e-01 5.880595091241352934e-01 1.223812127590785837e+00
-4.014193208219859477e-01 5.880595091241352934e-01 1.223812127590785837e+00
-4.014193208219859477e-01 5.880595091241352934e-01 1.223812127590785837e+00
-4.014193208219859477e-01 5.880595091241352934e-01 1.223812127590785837e+00
-4.770757406451505700e-01 3.320941701064533680e-01 1.159849688916370081e+00
-4.770757406451505700e-01 3.320941701064533680e-01 1.159849688916370081e+00
-4.770757406451505700e-01 3.320941701064533680e-01 1.159849688916370081e+00
-4.770757406451505700e-01 3.320941701064533680e-01 1.159849688916370081e+00
-4.770757406451505700e-01 3.320941701064533680e-01 1.159849688916370081e+00
-5.119574665306270145e-01 3.710808761698722869e-01 1.213331706239019647e+00
-5.119574665306270145e-01 3.710808761698722869e-01 1.213331706239019647e+00
-5.119574665306270145e-01 3.710808761698722869e-01 1.213331706239019647e+00
-5.119574665306270145e-01 3.710808761698722869e-01 1.213331706239019647e+00
-5.119574665306270145e-01 3.710808761698722869e-01 1.213331706239019647e+00
3.129813816227641210e-01 4.765234257431837372e-01 1.184884658259067969e+00
3.129813816227641210e-01 4.765234257431837372e-01 1.184884658259067969e+00
3.129813816227641210e-01 4.765234257431837372e-01 1.184884658259067969e+00
3.129813816227641210e-01 4.765234257431837372e-01 1.184884658259067969e+00
3.129813816227641210e-01 4.765234257431837372e-01 1.184884658259067969e+00
-1.306758479962518704e-01 9.047451500594605456e-03 1.331851162560739210e+00
-1.306758479962518704e-01 9.047451500594605456e-03 1.331851162560739210e+00
-1.306758479962518704e-01 9.047451500594605456e-03 1.331851162560739210e+00
-1.306758479962518704e-01 9.047451500594605456e-03 1.331851162560739210e+00
-1.306758479962518704e-01 9.047451500594605456e-03 1.331851162560739210e+00
