-0.491701565495175 -0.29845619136002355 1.2914362799645156
-0.491701565495175 -0.29845619136002355 1.2914362799645156
0.19290408691025296 0.012998645976719292 1.2632319750854957
0.19290408691025296 0.012998645976719292 1.2632319750854957
0.19290408691025296 0.012998645976719292 1.2632319750854957
-0.36542710023523983 -0.08579386330506167 1.3002608756112513
-0.36542710023523983 -0.08579386330506167 1.3002608756112513
-0.40334550546932396 0.5313004316681241 1.2568762085021217
-0.5390927787442771 -0.5911711988959159 1.1750614932251515
-0.5390927787442771 -0.5911711988959159 1.1750614932251515
0.4978321149046837 0.3471741788202075 1.3478286223936278
0.3014734318051485 -0.15203156280847913 1.22854667988841
0.3014734318051485 -0.15203156280847913 1.22854667988841
0.029861009498125313 -0.35018041563584806 1.2207877984300288
0.029861009498125313 -0.35018041563584806 1.2207877984300288
0.12306424026840845 -0.5455143435652008 1.3104851860904883
0.12306424026840845 -0.5455143435652008 1.3104851860904883
-0.2571449645318106 -0.5468577039250045 1.3494592739374045
-0.2571449645318106 -0.5468577039250045 1.3494592739374045
-0.3546184271199314 -0.3283833962526885 1.2268170284082098
-0.3546184271199314 -0.3283833962526885 1.2268170284082098
0.11990051063515406 -0.2278166393086445 1.2289465758403633
0.11990051063515406 -0.2278166393086445 1.2289465758403633
-0.17505098464548846 -0.589957198881719 1.2298081769975828
-0.17505098464548846 -0.589957198881719 1.2298081769975828
0.11195287053432867 -0.3572320717663753 1.295327813319152
0.11195287053432867 -0.3572320717663753 1.295327813319152
0.1045708679303704 0.5503150831971683 1.1283588591844995
0.5608222354986488 0.43516214995314384 1.1357830363029682
-0.17566593623298316 -0.23439139472518128 1.1504898877884024
-0.17566593623298316 -0.23439139472518128 1.1504898877884024
0.17184506607219985 -0.5117547094390402 1.1651992376401867
0.17184506607219985 -0.5117547094390402 1.1651992376401867
-0.4887125465833601 -0.4823414236420368 1.1250374475720957
-0.4887125465833601 -0.4823414236420368 1.1250374475720957
-0.011755411008125716 -0.477841999587347 1.1271064250683551
-0.011755411008125716 -0.477841999587347 1.1271064250683551
-0.5856169905441396 -0.11221364082431468 1.3470288274764473
-0.5856169905441396 -0.11221364082431468 1.3470288274764473
0.2225311350232606 -0.35786061565548366 1.189613989357809
0.2225311350232606 -0.35786061565548366 1.189613989357809
-0.5406435881836532 -0.21552062987132414 1.1484702167698433
-0.5406435881836532 -0.21552062987132414 1.1484702167698433
-0.1362424896108687 -0.22390042563008145 1.2043802468134035
-0.1362424896108687 -0.22390042563008145 1.2043802468134035
-0.13216108963365275 -0.07179140380188676 1.257996610059403
-0.13216108963365275 -0.07179140380188676 1.257996610059403
0.16686690034563634 -0.3180183939750892 1.2994234945335885
0.16686690034563634 -0.3180183939750892 1.2994234945335885
-0.3285337059038844 -0.02448232544386153 1.1497198855302087
-0.3285337059038844 -0.02448232544386153 1.1497198855302087
-0.045731189662264415 -0.500972772562546 1.3385682498672467
-0.045731189662264415 -0.500972772562546 1.3385682498672467
-0.36287007216628514 -0.38922418438899 1.1545894860375072
-0.36287007216628514 -0.38922418438899 1.1545894860375072
-0.3517888389593759 0.08945985857226646 1.3169177845527362
-0.3517888389593759 0.08945985857226646 1.3169177845527362
-0.3865374242324994 -0.10426507418624181 1.2116669862373006
-0.3865374242324994 -0.10426507418624181 1.2116669862373006
0.37186431946041665 -0.4452957910411701 1.1629176957461105
0.37186431946041665 -0.4452957910411701 1.1629176957461105
-0.49623370872764033 0.48908377549890536 1.1473613663675992
-0.44041170840755817 -0.432501773117106 1.310359649353293
-0.44041170840755817 -0.432501773117106 1.310359649353293
0.12252861354457512 -0.042369130914981956 1.2335853217957125
0.12252861354457512 -0.042369130914981956 1.2335853217957125
-0.3377995549338736 -0.059815913619852834 1.1644113663103197
-0.3377995549338736 -0.059815913619852834 1.1644113663103197
0.24548886141148218 -0.25583782878021355 1.1625738820011673
0.24548886141148218 -0.25583782878021355 1.1625738820011673
-0.02371818446075391 -0.1251308949505437 1.1901426839203793
-0.02371818446075391 -0.1251308949505437 1.1901426839203793
0.045113462436713325 -0.13194055080887956 1.1878066483203507
0.045113462436713325 -0.13194055080887956 1.1878066483203507
0.18698468776226573 -0.44595849173546953 1.1464532735764623
0.18698468776226573 -0.44595849173546953 1.1464532735764623
0.12380337185345425 -0.5935068181668005 1.190352216249334
0.12380337185345425 -0.5935068181668005 1.190352216249334
-0.043990002467669376 -0.224859140161777 1.344077173651292
-0.043990002467669376 -0.224859140161777 1.344077173651292
-0.4183695545970745 0.05077066404656261 1.218199147900546
-0.13459526846851189 -0.006082255283661797 1.2556767216036597
-0.13459526846851189 -0.006082255283661797 1.2556767216036597
0.41916198835311513 -0.48289189909478597 1.1423442370691694
-0.5544210293381767 -0.19589736593489115 1.2524228164679394
-0.5544210293381767 -0.19589736593489115 1.2524228164679394
-0.3691340122862047 0.5624178327439145 1.2119066498246283
0.04341298125009452 -0.07080594198427259 1.3290078031640469
0.04341298125009452 -0.07080594198427259 1.3290078031640469
0.1878234397251649 -0.4034445895212945 1.2128674413841474
0.1878234397251649 -0.4034445895212945 1.2128674413841474
-0.3526296255035865 0.5038849676500173 1.1547816001647901
-0.3526296255035865 0.5038849676500173 1.1547816001647901
0.07843706521584248 -0.36605393191792324 1.2064706600680974
0.07843706521584248 -0.36605393191792324 1.2064706600680974
0.21711680354286544 -0.5581578720719553 1.1254880399235987
0.21711680354286544 -0.5581578720719553 1.1254880399235987
0.0884186747841409 -0.5631495209927301 1.1526337979489232
0.0884186747841409 -0.5631495209927301 1.1526337979489232
0.4899345266146299 0.4228540654438345 1.225526707862891
0.43979665384547106 -0.5325953366403239 1.1284861020389327
0.43979665384547106 -0.5325953366403239 1.1284861020389327
0.5111735792918889 -0.4224618986962828 1.3022366410099533
0.008522365992884029 -0.4272611032559518 1.3146811440291597
0.008522365992884029 -0.4272611032559518 1.3146811440291597
0.2997827070545199 -0.5225676475599876 1.1511662613432208
0.2997827070545199 -0.5225676475599876 1.1511662613432208
-0.1386736619978231 -0.4705642347978244 1.1371285022576223
-0.1386736619978231 -0.4705642347978244 1.1371285022576223
-0.4977965752470103 -0.2851372845352002 1.2206348722998395
-0.4977965752470103 -0.2851372845352002 1.2206348722998395
-0.33936754787401024 -0.5759413634643543 1.17922739011959
-0.33936754787401024 -0.5759413634643543 1.17922739011959
-0.2070531236669983 -0.12016043245789093 1.1706972117416699
-0.2070531236669983 -0.12016043245789093 1.1706972117416699
-0.5347669983970813 0.11250490556364445 1.1896163543079037
0.1157491373185131 -0.09805015865827671 1.2669114905239147
0.1157491373185131 -0.09805015865827671 1.2669114905239147
-0.03167140043597738 -0.35690534543705954 1.1899004673821219
-0.03167140043597738 -0.35690534543705954 1.1899004673821219
0.26791973241186473 -0.47690649311951133 1.2141542479011087
0.26791973241186473 -0.47690649311951133 1.2141542479011087
0.10262288648418494 -0.32776732615999105 1.129272807695594
0.10262288648418494 -0.32776732615999105 1.129272807695594
0.4195433913499892 -0.5975948481473493 1.166310384924553
-0.10158062488707398 -0.48494350842792777 1.2226988353667307
-0.10158062488707398 -0.48494350842792777 1.2226988353667307
-0.3121544031817863 -0.4934662607706078 1.184516614614003
-0.3121544031817863 -0.4934662607706078 1.184516614614003
-0.4631515573742775 -0.40025287779074165 1.2869026843918265
-0.4631515573742775 -0.40025287779074165 1.2869026843918265
-0.20692699111541923 0.08482724187245583 1.2106461525733274
-0.5539455707480069 -0.422614348915352 1.2768266695651993
-0.5539455707480069 -0.422614348915352 1.2768266695651993
-0.4467143084602663 -0.35689272006392125 1.180443942989311
-0.4467143084602663 -0.35689272006392125 1.180443942989311
-0.36700862378708504 -0.28505048428877944 1.157968211520381
-0.36700862378708504 -0.28505048428877944 1.157968211520381
0.2980240645544744 -0.49944854352200196 1.1385018263667364
0.2980240645544744 -0.49944854352200196 1.1385018263667364
-0.40321717333450025 -0.21815739831529135 1.2844199162066756
-0.40321717333450025 -0.21815739831529135 1.2844199162066756
0.4610854856315404 -0.5358082460237142 1.126172695689958
-0.527978999122748 -0.5232384757363433 1.1984770837732772
-0.527978999122748 -0.5232384757363433 1.1984770837732772
0.38196750004541835 -0.489357967046185 1.2200498119984007
-0.316208990026057 0.5743480159623645 1.1439858418439341
-0.11351973868868115 -0.07121345464590223 1.1947020923144465
-0.11351973868868115 -0.07121345464590223 1.1947020923144465
-0.4245117505523126 -0.337551261350336 1.1223531286783113
-0.4245117505523126 -0.337551261350336 1.1223531286783113
0.35199492990393877 -0.2781744670266327 1.1716728244276478
0.14465982772722263 -0.16847017756994892 1.2248408547330105
0.14465982772722263 -0.16847017756994892 1.2248408547330105
-0.39434011718639095 0.042021895087476224 1.1887783249197648
-0.39434011718639095 0.042021895087476224 1.1887783249197648
-0.30706248318082524 -0.5065991396659735 1.2660926927513845
-0.30706248318082524 -0.5065991396659735 1.2660926927513845
0.37811965088568245 -0.49214759656892804 1.1757571141903158
0.37811965088568245 -0.49214759656892804 1.1757571141903158
-0.32740370280992726 -0.36604862409399924 1.1729558573928973
-0.32740370280992726 -0.36604862409399924 1.1729558573928973
-0.10028795408298585 -0.12082979583593667 1.2887344915646561
-0.10028795408298585 -0.12082979583593667 1.2887344915646561
-0.08145011223001675 -0.020692432868207655 1.2574415822786706
-0.08145011223001675 -0.020692432868207655 1.2574415822786706
0.1714001359147984 -0.1821942289433311 1.3348770172630584
0.1714001359147984 -0.1821942289433311 1.3348770172630584
0.5901853069046824 0.3660164053008744 1.243950398696266
0.5901853069046824 0.3660164053008744 1.243950398696266
-0.5321897814180869 -0.19423918829523662 1.3065627839031466
-0.5321897814180869 -0.19423918829523662 1.3065627839031466
-0.07360493914849253 0.007941070670421047 1.3299394505786553
-0.07360493914849253 0.007941070670421047 1.3299394505786553
-0.43232159779824675 -0.3438504066342367 1.2573717641964317
-0.43232159779824675 -0.3438504066342367 1.2573717641964317
-0.22721789705694284 -0.511793831665462 1.297399748872409
-0.22721789705694284 -0.511793831665462 1.297399748872409
-0.16129014072220965 -0.5030762326828998 1.284952499813686
-0.16129014072220965 -0.5030762326828998 1.284952499813686
-0.14840375371100567 -0.028099548955299758 1.1291958905450825
0.12264139800159735 -0.5793577075598271 1.3334933591083762
0.12264139800159735 -0.5793577075598271 1.3334933591083762
-0.2800653244938175 -0.043396344065258274 1.1811842830669574
-0.2800653244938175 -0.043396344065258274 1.1811842830669574
0.014978520204888657 -0.17793998082656765 1.1796633825383969
0.014978520204888657 -0.17793998082656765 1.1796633825383969
-0.37806677993614146 -0.46011447473809475 1.2362160487012024
-0.37806677993614146 -0.46011447473809475 1.2362160487012024
-0.3327675327974676 -0.2869889938663244 1.298617798260328
-0.3327675327974676 -0.2869889938663244 1.298617798260328
-0.46698273556630276 0.07657360498009691 1.3177260433269133
-0.46698273556630276 0.07657360498009691 1.3177260433269133
0.17858475348729752 -0.07166307202849898 1.297959212100852
0.17858475348729752 -0.07166307202849898 1.297959212100852
-0.056611830269314045 0.015225337544653939 1.2397444615116888
-0.3005383427941959 -0.07939980504627386 1.2871300220770299
-0.3005383427941959 -0.07939980504627386 1.2871300220770299
0.31983455779603676 -0.5353126141869196 1.2957480441377562
0.31983455779603676 -0.5353126141869196 1.2957480441377562
-0.16976573662177558 -0.4643656882225563 1.1427585749951303
-0.16976573662177558 -0.4643656882225563 1.1427585749951303
-0.3303347296173292 0.41243313156180406 1.1936640068359234
-0.46151022404867303 0.43944444804130833 1.2837425150439563
-0.5429499269923251 -0.3867784574318607 1.2059545087071228
-0.5429499269923251 -0.3867784574318607 1.2059545087071228
-0.3810720960718301 -0.510682830272444 1.2346888357771044
-0.3810720960718301 -0.510682830272444 1.2346888357771044
0.2342130522384871 -0.02735718368313189 1.1481031157925814
0.2342130522384871 -0.02735718368313189 1.1481031157925814
0.046946677298689066 0.5392540691692586 1.278688548041268
0.1922832831368102 -0.23047237988250796 1.2079329619398116
0.1922832831368102 -0.23047237988250796 1.2079329619398116
0.10189019574363378 -0.035790314737278006 1.3063605379665362
0.10189019574363378 -0.035790314737278006 1.3063605379665362
0.24694369480657452 -0.11758678694797425 1.3455769176813177
0.016023265987455737 -0.42035614933734944 1.205038806698866
0.016023265987455737 -0.42035614933734944 1.205038806698866
0.09652987493018583 -0.0812483344348689 1.183841948459335
0.09652987493018583 -0.0812483344348689 1.183841948459335
-0.31434941294790886 -0.4750507932777586 1.3039699596179233
-0.31434941294790886 -0.4750507932777586 1.3039699596179233
0.114107404085239 -0.538198486013502 1.140478801743937
0.114107404085239 -0.538198486013502 1.140478801743937
-0.34110455481391894 0.03517648549471519 1.232714740242557
-0.34110455481391894 0.03517648549471519 1.232714740242557
-0.19801595942183076 -0.3031776748450203 1.1787845596043294
-0.19801595942183076 -0.3031776748450203 1.1787845596043294
-0.10852597896570898 -0.14797628729613416 1.3051107495615186
-0.10852597896570898 -0.14797628729613416 1.3051107495615186
-0.21510424336652645 -0.20564228078023078 1.1204863801557023
-0.21510424336652645 -0.20564228078023078 1.1204863801557023
-0.019962621681632098 -0.21144267926856913 1.332575512320195
-0.019962621681632098 -0.21144267926856913 1.332575512320195
-0.23284099098670047 -0.20167740129613232 1.3458347833070057
-0.23284099098670047 -0.20167740129613232 1.3458347833070057
-0.03911036515942656 -0.3506391901510714 1.1448733019988346
-0.03911036515942656 -0.3506391901510714 1.1448733019988346
0.12560230304719977 -0.5159126404012642 1.1334712854151903
0.12560230304719977 -0.5159126404012642 1.1334712854151903
0.029873946966846754 -0.5909046885062363 1.1728087861122938
0.029873946966846754 -0.5909046885062363 1.1728087861122938
-0.13119704288687412 -0.30105881270623086 1.2027327834552828
-0.13119704288687412 -0.30105881270623086 1.2027327834552828
-0.14403219249080312 -0.35709371576021687 1.1347353265547755
-0.14403219249080312 -0.35709371576021687 1.1347353265547755
0.004564394908933456 -0.20259020764318358 1.2675657490825931
0.004564394908933456 -0.20259020764318358 1.2675657490825931
-0.48686777046119734 -0.4540829837541073 1.3017119548325695
-0.48686777046119734 -0.4540829837541073 1.3017119548325695
-0.33291748793285847 0.43187592339303416 1.1957086499250003
-0.15061836200753587 -0.360486007789075 1.2599498756843825
-0.15061836200753587 -0.360486007789075 1.2599498756843825
-0.07083975855306579 0.010819034702223007 1.331519053451664
-0.07083975855306579 0.010819034702223007 1.331519053451664
-0.5454350210291372 -0.11121295986466195 1.2206914775320128
-0.5454350210291372 -0.11121295986466195 1.2206914775320128
-0.3704558870043242 -0.015068213830415345 1.1808532152444007
-0.3704558870043242 -0.015068213830415345 1.1808532152444007
-0.0750353120493048 0.05570590939384745 1.346960984886679
-0.0750353120493048 0.05570590939384745 1.346960984886679
-0.44699198063604384 -0.060466303856530956 1.2599853410254378
-0.44699198063604384 -0.060466303856530956 1.2599853410254378
-0.42293551748163405 0.04206380936235887 1.3052849006652394
-0.42293551748163405 0.04206380936235887 1.3052849006652394
-0.32432395581244505 -0.5684969180954099 1.3471571078575788
-0.32432395581244505 -0.5684969180954099 1.3471571078575788
-0.187851855080305 -0.5634372216053608 1.2275031104192897
-0.187851855080305 -0.5634372216053608 1.2275031104192897
-0.41604385012772943 -0.17001987962175918 1.1338914104899165
-0.41604385012772943 -0.17001987962175918 1.1338914104899165
-0.5117689942053251 -0.18955737673477085 1.2503810783308107
-0.5117689942053251 -0.18955737673477085 1.2503810783308107
-0.4917195120329846 0.09526500301408403 1.1907744289748197
-0.1758442958818618 0.03682299586383164 1.1820763160258267
-0.1758442958818618 0.03682299586383164 1.1820763160258267
-0.3484537405666341 -0.2996550840416566 1.2492396192197492
-0.3484537405666341 -0.2996550840416566 1.2492396192197492
0.30079752426875084 -0.32086327031314477 1.300565026388753
0.30079752426875084 -0.32086327031314477 1.300565026388753
-0.21387425225595036 0.5182563841003293 1.1951288626235006
0.22072279761155467 -0.335044906531789 1.2601638547959977
0.22072279761155467 -0.335044906531789 1.2601638547959977
-0.18187379955575628 -0.3540881660057708 1.2015213795450999
-0.18187379955575628 -0.3540881660057708 1.2015213795450999
0.20874504331095922 -0.3801690982140342 1.2644471677086735
0.20874504331095922 -0.3801690982140342 1.2644471677086735
0.43100274712641984 -0.5266846159998678 1.2945673232496049
-0.1567271636759922 -0.3191289060179374 1.2501852893833614
-0.1567271636759922 -0.3191289060179374 1.2501852893833614
-0.11522278428289023 -0.34500201252486873 1.2436764166058862
-0.11522278428289023 -0.34500201252486873 1.2436764166058862
-0.46698358850077015 -0.34046027137395324 1.2960258552551565
-0.46698358850077015 -0.34046027137395324 1.2960258552551565
-0.3469367336227014 0.07219244063670593 1.2386032047775453
-0.3469367336227014 0.07219244063670593 1.2386032047775453
-0.5488822443382039 -0.4072399544475396 1.2485460235319303
-0.5488822443382039 -0.4072399544475396 1.2485460235319303
-0.24852422739487995 -0.5576757181115222 1.3055226755194176
-0.24852422739487995 -0.5576757181115222 1.3055226755194176
-0.154200053616401 0.5873368740675543 1.1900952718416031
0.3125825744462317 0.4326737465586076 1.172886800738323
0.2051044410174817 0.5318450871116135 1.1716230058898978
0.2051044410174817 0.5318450871116135 1.1716230058898978
0.042313675984495425 0.5216174801440031 1.192533227834811
-0.3887284534867038 -0.46337881073512577 1.2613371666223059
-0.3887284534867038 -0.46337881073512577 1.2613371666223059
0.30687779656084246 -0.36338460721855714 1.3122933226848725
0.30687779656084246 -0.36338460721855714 1.3122933226848725
-0.4791191639781184 -0.3978572219406228 1.1700138268139348
-0.4791191639781184 -0.3978572219406228 1.1700138268139348
0.14873397934695554 -0.4992837390063043 1.2957668000261198
0.14873397934695554 -0.4992837390063043 1.2957668000261198
0.13752131275295942 -0.0881202094123339 1.1809885322849045
0.13752131275295942 -0.0881202094123339 1.1809885322849045
0.16667707028975098 -0.4561098269641668 1.2023030815118556
0.16667707028975098 -0.4561098269641668 1.2023030815118556
-0.32685716321375485 -0.42609818623527185 1.1504019093497322
-0.32685716321375485 -0.42609818623527185 1.1504019093497322
0.5139561602434809 -0.5478715082510318 1.202788785089317
-0.49520276377439193 -0.01382195996106561 1.3046155567735405
-0.49520276377439193 -0.01382195996106561 1.3046155567735405
0.25855447940618026 -0.1893962487888044 1.3407911891030613
0.25855447940618026 -0.1893962487888044 1.3407911891030613
-0.06193683014597495 -0.4182344082439574 1.2795696727418302
-0.06193683014597495 -0.4182344082439574 1.2795696727418302
-0.4394392046292891 -0.0745816763481999 1.265868441982752
-0.4394392046292891 -0.0745816763481999 1.265868441982752
-0.35217983021777666 -0.5582756682936433 1.1438836704742192
-0.35217983021777666 -0.5582756682936433 1.1438836704742192
0.512604149032002 -0.5935183187981664 1.165021524899451
0.512604149032002 -0.5935183187981664 1.165021524899451
0.1339214233597652 -0.5831399641914591 1.262678189857643
0.1339214233597652 -0.5831399641914591 1.262678189857643
-0.4787442385632123 -0.529744726970687 1.3457641522468886
-0.4787442385632123 -0.529744726970687 1.3457641522468886
0.2355092636547198 -0.49084474969851755 1.1619502513991251
0.2355092636547198 -0.49084474969851755 1.1619502513991251
-0.23752029127116914 -0.5673449811737359 1.193493719280687
-0.23752029127116914 -0.5673449811737359 1.193493719280687
-0.30074251496162047 -0.40676582521458465 1.3161348789174696
-0.30074251496162047 -0.40676582521458465 1.3161348789174696
0.21452662440322634 -0.1589689906218733 1.3247475682263543
0.21452662440322634 -0.1589689906218733 1.3247475682263543
-0.3715144022970047 -0.04747010229858739 1.1941138522006987
-0.3715144022970047 -0.04747010229858739 1.1941138522006987
-0.3310228728133065 -0.11002944806012 1.2237757048457936
-0.3310228728133065 -0.11002944806012 1.2237757048457936
-0.45260169728904953 -0.3715473442278036 1.2874848274680613
-0.45260169728904953 -0.3715473442278036 1.2874848274680613
-0.2827600037318439 -0.2555203900528718 1.2201224240242408
-0.2827600037318439 -0.2555203900528718 1.2201224240242408
-0.3913631560524765 0.026976586525341184 1.3436557326668275
-0.3913631560524765 0.026976586525341184 1.3436557326668275
-0.17219285859088146 2.2311313405909416e-05 1.2830824256581805
-0.17219285859088146 2.2311313405909416e-05 1.2830824256581805
0.3979599629418812 -0.5609839806509421 1.2462410127076358
0.3979599629418812 -0.5609839806509421 1.2462410127076358
-0.30925310667618705 -0.06189176553854525 1.2909170136339638
-0.30925310667618705 -0.06189176553854525 1.2909170136339638
0.362454563708163 -0.24411237862553514 1.2326379952512376
0.362454563708163 -0.24411237862553514 1.2326379952512376
0.08544627243322711 0.11755307894028222 1.163571388693552
-0.1910025891305081 -0.0525656889901176 1.2292227704402214
-0.1910025891305081 -0.0525656889901176 1.2292227704402214
-0.3404884522988482 -0.570167651132194 1.3217837341274308
-0.3404884522988482 -0.570167651132194 1.3217837341274308
-0.5474455862151052 -0.5342739095368513 1.1428298943211803
-0.5474455862151052 -0.5342739095368513 1.1428298943211803
-0.18310021191027714 -0.48726180553352827 1.2718691999986986
-0.18310021191027714 -0.48726180553352827 1.2718691999986986
-0.20305136017357583 -0.2050535645758626 1.3497922863428158
-0.20305136017357583 -0.2050535645758626 1.3497922863428158
-0.5657776412488398 -0.5262687443317066 1.2523519637362592
-0.5657776412488398 -0.5262687443317066 1.2523519637362592
-0.25969608113373627 -0.5156419986065673 1.1860381921881469
-0.25969608113373627 -0.5156419986065673 1.1860381921881469
0.17638001381355062 -0.27739533117855264 1.1652060095321357
0.17638001381355062 -0.27739533117855264 1.1652060095321357
-0.06579558910305883 0.5501621544958967 1.1820713467580577
-0.06579558910305883 0.5501621544958967 1.1820713467580577
-0.019149807932857588 -0.5968118848074985 1.127587655348964
-0.019149807932857588 -0.5968118848074985 1.127587655348964
0.026265005358805715 -0.37686889679712493 1.1271576963387606
0.026265005358805715 -0.37686889679712493 1.1271576963387606
-0.0032346905458995323 -0.12122664017818446 1.3421213613089225
-0.0032346905458995323 -0.12122664017818446 1.3421213613089225
0.050538174998776664 -0.5932278076589724 1.3466277784541
0.050538174998776664 -0.5932278076589724 1.3466277784541
-0.29633905680306516 -0.0361606240104283 1.3371391907708703
-0.29633905680306516 -0.0361606240104283 1.3371391907708703
-0.5719383132796632 -0.518639724819494 1.3286977875874921
-0.5719383132796632 -0.518639724819494 1.3286977875874921
0.129237903383836 0.4349959411136456 1.147612976400436
-0.49597631215344373 -0.36345123469566054 1.1375740133550327
-0.49597631215344373 -0.36345123469566054 1.1375740133550327
-0.4691692425554925 -0.1185455807623581 1.3150870502158385
-0.4691692425554925 -0.1185455807623581 1.3150870502158385
-0.4441112765319474 -0.2824581000418988 1.3119733763090717
-0.4441112765319474 -0.2824581000418988 1.3119733763090717
0.2057610491543883 -0.17938443856531056 1.277554983416156
0.2057610491543883 -0.17938443856531056 1.277554983416156
-0.3169762559851151 0.010018116662691146 1.1724369943668436
-0.3169762559851151 0.010018116662691146 1.1724369943668436
-0.4099451673927482 0.09839765109090437 1.1448226554711523
-0.4099451673927482 0.09839765109090437 1.1448226554711523
0.1563884670790867 -0.3407385346921061 1.349785126993533
0.1563884670790867 -0.3407385346921061 1.349785126993533
-0.14450734840572838 0.0525261107746805 1.2937688040388589
-0.14450734840572838 0.0525261107746805 1.2937688040388589
-0.21501809825426565 -0.2367674001554314 1.1482279025233568
-0.21501809825426565 -0.2367674001554314 1.1482279025233568
-0.39355707384563393 0.09988591297074667 1.32985629251515
-0.39355707384563393 0.09988591297074667 1.32985629251515
-0.2828287301157298 -0.5173339756370107 1.2516597047726616
-0.2828287301157298 -0.5173339756370107 1.2516597047726616
0.36244982963078864 -0.47130389659432204 1.2645791197636165
-0.23901063133102385 -0.5680428782380561 1.181685978864454
-0.23901063133102385 -0.5680428782380561 1.181685978864454
-0.5068267398587697 -0.2881732567979351 1.1332361248839604
-0.5068267398587697 -0.2881732567979351 1.1332361248839604
-0.5791742843000459 -0.45977820156072674 1.3172455114200396
-0.5791742843000459 -0.45977820156072674 1.3172455114200396
-0.5776049005442313 -0.43043157087672224 1.151944986708737
-0.5776049005442313 -0.43043157087672224 1.151944986708737
-0.5023452100634895 -0.07696747015612937 1.2776138642699322
-0.5023452100634895 -0.07696747015612937 1.2776138642699322
0.16425581968773884 -0.5880136945849733 1.137822043658294
0.16425581968773884 -0.5880136945849733 1.137822043658294
-0.1342282346083159 -0.4798155779391781 1.1469123353878907
-0.1342282346083159 -0.4798155779391781 1.1469123353878907
-0.2718530558215258 -0.24022209043952697 1.1345689873821105
-0.2718530558215258 -0.24022209043952697 1.1345689873821105
-0.25085785455768 -0.14714340286685357 1.1792908362250858
-0.25085785455768 -0.14714340286685357 1.1792908362250858
-0.22580322840929684 -0.4702293870877045 1.1623811206767407
-0.22580322840929684 -0.4702293870877045 1.1623811206767407
0.2107920351521363 -0.37007785072540067 1.2949014185685848
0.2107920351521363 -0.37007785072540067 1.2949014185685848
0.1434517167572853 -0.3240795551426889 1.1247273291292408
0.1434517167572853 -0.3240795551426889 1.1247273291292408
-0.38285385875334405 -0.21205291324663156 1.3053827320466027
-0.38285385875334405 -0.21205291324663156 1.3053827320466027
-0.2995526819372652 -0.21572778661882153 1.3348063782471162
-0.2995526819372652 -0.21572778661882153 1.3348063782471162
-0.31141337867990493 -0.5536048525716168 1.1786861144137055
-0.31141337867990493 -0.5536048525716168 1.1786861144137055
0.3536682947168791 -0.4115209398323415 1.1404294053280086
0.3536682947168791 -0.4115209398323415 1.1404294053280086
-0.36177615750936776 0.11161453808085475 1.329767817261044
-0.36177615750936776 0.11161453808085475 1.329767817261044
0.35754344245522973 -0.30560927668279875 1.2284743822525421
0.35754344245522973 -0.30560927668279875 1.2284743822525421
-0.17431963841813847 -0.02314580044937009 1.2883291780941268
-0.17431963841813847 -0.02314580044937009 1.2883291780941268
0.23721733536610357 -0.09298309939475868 1.290453153872984
0.2133886865780532 -0.07256631094492527 1.2630374233341226
0.2133886865780532 -0.07256631094492527 1.2630374233341226
0.1256004422610425 -0.08522941424492325 1.1990279684917116
0.1256004422610425 -0.08522941424492325 1.1990279684917116
-0.14531076032910867 0.5841567721207396 1.2555250791334713
-0.1002456547204928 -0.08145100410619222 1.2601058055452863
-0.1002456547204928 -0.08145100410619222 1.2601058055452863
0.2525731211948564 -0.33259375268752916 1.2194920800413542
0.0889231020303265 0.48130460467578595 1.1307082565703974
0.0889231020303265 0.48130460467578595 1.1307082565703974
-0.5099308876297096 0.08101108626039921 1.308204774562273
0.22207392922831315 -0.4907950611403501 1.3129314785683286
0.22207392922831315 -0.4907950611403501 1.3129314785683286
0.41063984090179606 0.2529393066894753 1.175694842159081
-0.1120786213087358 -0.5742422975130577 1.276189229863148
-0.1120786213087358 -0.5742422975130577 1.276189229863148
-0.4270071656063845 -0.16393509319448363 1.1406275697717478
-0.4270071656063845 -0.16393509319448363 1.1406275697717478
-0.0456526292574555 -0.2630289919971636 1.148312417637726
-0.0456526292574555 -0.2630289919971636 1.148312417637726
-0.18654101058182004 -0.2709801914949932 1.2815378522887912
-0.18654101058182004 -0.2709801914949932 1.2815378522887912
0.4992654667834092 0.4122427014223772 1.2282781519849095
-0.030614007729764192 -0.4353101073368728 1.219057766660702
-0.030614007729764192 -0.4353101073368728 1.219057766660702
-0.5236823863166865 -0.5877208971166183 1.2895881774907476
-0.5236823863166865 -0.5877208971166183 1.2895881774907476
-0.5382745270849197 -0.4726119910002453 1.2503019067920849
-0.5382745270849197 -0.4726119910002453 1.2503019067920849
0.19033031187538185 -0.04883623982475227 1.1857996424154107
0.19033031187538185 -0.04883623982475227 1.1857996424154107
-0.18761476686451345 -0.00991262422714545 1.1584211754858498
-0.28623805970723826 -0.03643271412764093 1.3476145623555142
-0.28623805970723826 -0.03643271412764093 1.3476145623555142
-0.5708548871747893 -0.471291592435257 1.1548351957197647
-0.5708548871747893 -0.471291592435257 1.1548351957197647
-0.12157165647240842 -0.43955950578195135 1.1829559212245964
-0.12157165647240842 -0.43955950578195135 1.1829559212245964
0.06258496782017497 -0.5234888656028667 1.1917935441586482
0.06258496782017497 -0.5234888656028667 1.1917935441586482
0.049554997222342134 -0.49212640827594695 1.2841723847153927
0.049554997222342134 -0.49212640827594695 1.2841723847153927
-0.3756030807533947 -0.23316768577704922 1.1900561016849598
-0.3756030807533947 -0.23316768577704922 1.1900561016849598
-0.4998369688798881 -0.5219131269707997 1.2125555633461549
-0.4998369688798881 -0.5219131269707997 1.2125555633461549
-0.03639007596740684 -0.25126833316249514 1.2643046802057953
-0.03639007596740684 -0.25126833316249514 1.2643046802057953
-0.058970209651498906 -0.36989075728595083 1.1696786081153288
-0.058970209651498906 -0.36989075728595083 1.1696786081153288
-0.5794684159195499 -0.19346030874953113 1.164505744520391
-0.5794684159195499 -0.19346030874953113 1.164505744520391
-0.3696793467230303 -0.08036620027115393 1.3085913125324495
-0.3696793467230303 -0.08036620027115393 1.3085913125324495
-0.5842024956080035 -0.3906711861602087 1.2521330367078551
-0.5842024956080035 -0.3906711861602087 1.2521330367078551
-0.2829400666043598 0.5937461765529629 1.2149894621156898
0.3846663168095821 -0.2060130329738939 1.2142797230646047
0.3225791423954205 -0.289169545966207 1.2873142780881899
0.17788449193011835 -0.5076897983786869 1.1764730961257304
0.17788449193011835 -0.5076897983786869 1.1764730961257304
-0.29730819455311597 -0.14852296889698924 1.1936151129333803
-0.29730819455311597 -0.14852296889698924 1.1936151129333803
-0.4595197835769592 -0.2930713038825561 1.2914828443641868
-0.4595197835769592 -0.2930713038825561 1.2914828443641868
-0.310854808486972 -0.42382429549584233 1.3492975378429386
-0.310854808486972 -0.42382429549584233 1.3492975378429386
-0.4768865426818597 -0.48072248145686913 1.2148757282095801
-0.4768865426818597 -0.48072248145686913 1.2148757282095801
-0.31456770163993725 -0.06939466266720806 1.2027221884785835
-0.31456770163993725 -0.06939466266720806 1.2027221884785835
0.19473142594721593 -0.0029178622215542127 1.1876492961769773
0.19473142594721593 -0.0029178622215542127 1.1876492961769773
0.2475519116521404 -0.5402965401415937 1.1542295554883568
0.2475519116521404 -0.5402965401415937 1.1542295554883568
0.08037968376770122 -0.2109122598245664 1.1896855762474963
0.08037968376770122 -0.2109122598245664 1.1896855762474963
0.07428050646598083 -0.5761346086014526 1.1980402456560761
0.07428050646598083 -0.5761346086014526 1.1980402456560761
-0.1939307955866847 -0.17267885530401988 1.174974257129181
-0.1939307955866847 -0.17267885530401988 1.174974257129181
0.08221094188344835 -0.45896133234926617 1.122884355129772
0.08221094188344835 -0.45896133234926617 1.122884355129772
0.0308153989728549 0.5384027651419266 1.234719758146844
-0.050191548388307194 -0.5963821770464518 1.2397658446430626
-0.050191548388307194 -0.5963821770464518 1.2397658446430626
-0.40141932082198595 0.5880595091241353 1.2238121275907858
-0.47707574064515057 0.33209417010645337 1.15984968891637
-0.2257426636040587 -0.2160639340498265 1.2453418994488665
-0.2257426636040587 -0.2160639340498265 1.2453418994488665
-0.4508676658368287 -0.04516889924607592 1.179607887164444
-0.4508676658368287 -0.04516889924607592 1.179607887164444
-0.511957466530627 0.3710808761698723 1.2133317062390196
0.3129813816227641 0.47652342574318374 1.184884658259068
0.33016565324830005 -0.43190798311444845 1.166871092525334
0.33016565324830005 -0.43190798311444845 1.166871092525334
0.08220305010791962 -0.4563215971794793 1.293202057897684
0.08220305010791962 -0.4563215971794793 1.293202057897684
0.08865712035126327 -0.11380780118503808 1.2457708157023717
0.08865712035126327 -0.11380780118503808 1.2457708157023717
0.16756869191532686 -0.5654329829157132 1.247459733252193
0.16756869191532686 -0.5654329829157132 1.247459733252193
-0.13067584799625187 0.009047451500594605 1.3318511625607392
